(73,12,0.7260654410141926) (34,72,0.7565890476816705) (10,40,0.7079580020940517) (8,38,0.8425062859405541) (20,21,0.7769717124304268) (59,27,0.7384258873629849) (96,54,0.7940183175030235) (46,79,0.7954404539029145) (60,18,0.8727292039298348) (87,74,0.8651490611390111) (61,50,0.7708899170512249) (30,84,0.6726078961947907) (85,0,0.7974908219742483) (25,9,0.866381230485751) (58,47,0.7114535903044311) (31,81,0.737004387071322) (27,78,0.8335658059381383) (76,56,0.7797023383690881) (5,98,0.7158384971760878) (10,54,0.8360613231539468) 
(92,29,0.7915642829950366) (61,9,0.7596074838127558) (67,40,0.7384405667184626) (58,16,0.8120806722774564) (0,16,0.7257734664557085) (64,48,0.8588892470906803) (92,5,0.8199856630730493) (19,78,0.7555525562297247) (15,43,0.8361321779501389) (59,0,0.848264391972972) (78,48,0.7447878102886464) (35,85,0.8444062652553113) (85,71,0.8052241835433873) (13,46,0.7532679086244674) (7,61,0.7786708297442761) (66,60,0.8615383196348322) (4,42,0.8372702676008312) (57,16,0.7489873957435923) (2,29,0.8096672647321521) (42,49,0.7441897265346948) 
(2,74,0.8102265220790232) (1,44,0.8053833299198347) (8,77,0.9031139600884859) (88,29,0.8219974848777044) (84,73,0.7106438645440845) (87,61,0.7534864732442033) (0,51,0.8453445817583185) (96,72,0.7868072079977095) (14,4,0.7874428638179998) (41,42,0.7922842793601639) (97,12,0.8953985356910393) (98,92,0.8842456713500517) (22,23,0.8414561444550057) (1,50,0.8753391148270028) (39,90,0.7402754575573621) (29,51,0.7338648835110791) (92,51,0.8416526750580114) (73,87,0.8170597501505834) (15,10,0.7262997311336181) (93,90,0.772513700661369) 
(54,36,0.8541539785878564) (15,48,0.7112587435121211) (43,94,0.8218620895719202) (30,54,0.7891794331025046) (62,40,0.7564890521382542) (85,62,0.7915125773492664) (71,63,0.8362549151807366) (45,39,0.7858068853960046) (13,39,0.7599127769459056) (46,89,0.8191373975541247) (93,32,0.7988080415578536) (61,27,0.7682933219487756) (86,73,0.8220836840560997) (81,58,0.7917674819762434) (83,36,0.8362092879402282) (49,56,0.7045534926167336) (86,50,0.8625076610367565) (25,91,0.7299144467181683) (13,1,0.7403906912912933) (79,55,0.8156704037406532) 
(44,84,0.8266825999497087) (37,83,0.891780859657668) (42,37,0.7653362491098217) (14,10,0.8120475935707127) (19,32,0.7908492340753089) (3,37,0.8081611917913589) (82,21,0.8440706258292281) (9,75,0.781438016677061) (23,47,0.8137845721272741) (9,44,0.6781205689611998) (95,0,0.7399540729423771) (40,70,0.837940562963131) (80,63,0.7824152610969717) (43,98,0.7685012395861904) (84,3,0.866150870061156) (15,89,0.8527014360872152) (8,37,0.8590712251737658) (1,51,0.8455383415879348) (83,92,0.8071836706143612) (60,71,0.9025603789320201) 
(77,42,0.7491800195854962) (8,1,0.7805974442880841) (70,51,0.7442829863331912) (56,31,0.7805200654353622) (13,52,0.7369486590575534) (6,47,0.8055465872412371) (11,40,0.8759436828413558) (82,68,0.8647152576556898) (45,66,0.8377288914800223) (63,50,0.7898119821815948) (11,99,0.7882396656774286) (72,80,0.7540897779752516) (64,53,0.82914205069543) (99,58,0.7496905717026414) (67,69,0.8072092088725652) (57,20,0.8197646002815661) (63,27,0.7974008095609368) (21,9,0.6960259493106321) (47,73,0.771929290731141) (96,16,0.7906004555281884) 
(58,81,0.745850824985787) (87,9,0.7542260017462964) (85,75,0.7375650968826055) (32,72,0.7358029293930752) (25,12,0.768537985775529) (17,5,0.7520939215540399) (61,57,0.8789907582520902) (90,55,0.844173651732001) (86,55,0.7776088106213259) (25,69,0.7815611779930071) (81,48,0.8615202157322778) (19,78,0.8171625683482844) (76,94,0.8179179286874303) (38,67,0.7604744207145748) (89,56,0.7382388062384808) (60,89,0.8282853319589976) (48,0,0.8395651423031368) (19,62,0.8733720427836508) (46,99,0.8854242039137148) (38,79,0.7865883675574584) 
(21,1,0.8189649331962049) (94,42,0.7755374113213679) (67,55,0.8400132601453687) (16,38,0.7745138708429635) (65,51,0.7521964104020471) (22,67,0.7491436903643532) (94,99,0.8395087706644372) (43,52,0.8401820354579759) (56,95,0.7872647288036445) (51,6,0.810451322916118) (5,43,0.8441695764936339) (24,61,0.8937220697976551) (87,22,0.7172356782486513) (84,50,0.8451473461770294) (86,13,0.8208513998972984) (19,6,0.7534284992273361) (48,63,0.842119727054581) (25,28,0.7060149269240238) (23,64,0.8462483448433917) (12,0,0.8333339709618076) 
(60,86,0.8003073701892602) (38,42,0.7431639767305401) (76,84,0.8032953533383336) (76,52,0.7945072732357157) (3,65,0.8444877169337793) (81,74,0.7700658383886768) (63,39,0.8265654597038661) (41,16,0.7837354512168685) (97,32,0.7548347594686379) (14,17,0.761936293663015) (94,23,0.9507292786699036) (30,17,0.8518180577793437) (78,81,0.7262813727491478) (17,25,0.8568147154645106) (42,20,0.823663970958637) (90,41,0.8917813855732307) (0,69,0.7311848712136101) (33,67,0.8396917365090574) (0,15,0.8012488984904294) (96,33,0.8027167354183754) 
(13,36,0.779283887201319) (60,38,0.7528986088378491) (5,59,0.7732365795547392) (63,0,0.7973126331022103) (18,91,0.8100118711327247) (5,22,0.750715861884587) (54,76,0.8923100727215377) (63,92,0.8632432419172342) (19,51,0.780438789666412) (93,57,0.7501651200954386) (3,82,0.8019636782088326) (11,47,0.7126262430217492) (47,1,0.8869298833263847) (15,54,0.7686708677873559) (38,36,0.7472747531017104) (9,12,0.7029736546240634) (9,52,0.7061395958255597) (1,95,0.7649348559231987) (24,83,0.8328035581152682) (63,77,0.7435449724581238) 
(64,3,0.8311036063677889) (22,45,0.8732559047681696) (24,28,0.8944943297126744) (71,50,0.8130242089125421) (2,5,0.8703358253914069) (4,76,0.7583097088182251) (19,70,0.8459060036665103) (98,7,0.8253376497677128) (12,40,0.7933146247032401) (34,92,0.8058607637443352) (74,48,0.8015438176570172) (71,97,0.7838973472041694) (69,60,0.8095330007330588) (31,8,0.7394918571423744) (96,83,0.8452481702263392) (33,53,0.792805677740407) (85,95,0.8450382321209906) (39,42,0.8534017020324474) (47,27,0.8361240278271345) (98,26,0.7437575764496492) 
(8,86,0.7557253774046832) (98,48,0.8429190303098899) (4,69,0.8082457973351842) (81,8,0.776627411344143) (11,58,0.832541494633371) (57,36,0.7770892832212675) (83,82,0.7407884753353292) (55,84,0.8599469328787542) (96,13,0.8306865129840583) (62,70,0.8216212191802202) (20,76,0.8117197427759176) (39,62,0.7288298040829977) (59,26,0.839714096738484) (40,14,0.810567913831086) (15,18,0.8459489893821411) (82,11,0.7506865435267345) (77,89,0.6785347378259294) (28,55,0.8305432037361822) (87,4,0.7025146150807768) (31,3,0.777037112397209) 
(35,85,0.7429102451986016) (17,59,0.8045621439333318) (86,15,0.7846617144784702) (49,73,0.7912239172497998) (49,67,0.7556379028828334) (75,64,0.7342577142817954) (49,72,0.7581719624795248) (0,59,0.7726806799195592) (90,78,0.7351019058552846) (96,32,0.8844561541533487) (87,44,0.861487987142205) (59,41,0.7011468212243784) (45,85,0.7505717076196479) (43,6,0.7847157178225824) (94,57,0.8100228958722534) (48,18,0.8734579655157972) (81,75,0.7738985496495947) (27,43,0.869311501786027) (1,8,0.7166204192011835) (4,12,0.8718180415275438) 
(97,49,0.8221785357190645) (13,80,0.7496726136318306) (5,11,0.7639793010229007) (21,59,0.770043812870978) (19,78,0.7332152719979622) (23,29,0.8002298208795219) (23,26,0.7041557599881872) (21,68,0.8504357683572566) (27,56,0.9361532936724506) (53,52,0.8812653896738727) (42,85,0.7753770488558354) (46,26,0.7260203362294798) (56,67,0.8022885202744828) (13,21,0.816669087337028) (46,89,0.7077374239948246) (1,39,0.7027501325412595) (50,86,0.8200906284538784) (86,5,0.8319013114351999) (67,71,0.7576211060924366) (54,75,0.8850252280318464) 
(83,48,0.8038601928983314) (78,73,0.8169402238936091) (70,16,0.7646145075576751) (98,51,0.7807842678263639) (77,40,0.822118343530962) (35,50,0.8203272296252191) (61,5,0.8038230526444005) (32,24,0.8127526954469069) (90,14,0.8490510957404361) (1,36,0.8090713558580166) (28,74,0.7169431723703893) (50,89,0.7586463847212119) (30,52,0.7556480284933274) (8,90,0.6965759032804071) (43,66,0.7728357244251247) (55,58,0.7431696790552852) (79,74,0.7447810644342261) (1,12,0.7715779445719865) (68,18,0.8239710795031663) (84,67,0.7655673072885671) 
(51,29,0.7952933706325116) (76,88,0.7462818955492818) (69,50,0.7820355030109261) (53,25,0.7696680989057965) (67,4,0.7005162010314894) (84,74,0.7613508610247609) (58,54,0.8493472801997444) (15,93,0.7224788290996509) (85,34,0.7681251175834618) (79,7,0.7542829980029362) (38,82,0.8892396315846238) (73,17,0.8459180310618413) (96,36,0.7583896807022422) (13,46,0.7819806492376281) (31,96,0.7214365173327624) (34,63,0.773565276552815) (65,49,0.8571875510794642) (33,55,0.7768687100575258) (11,20,0.8247306598850224) (66,44,0.9021525643656119) 
(38,56,0.8316781140760925) (68,8,0.7591396192247677) (81,55,0.7799151339754635) (30,38,0.8744943856559886) (56,67,0.7751414894953916) (21,62,0.7417137367749973) (51,93,0.7914670939610222) (73,68,0.759075547113772) (90,54,0.781461728254705) (86,32,0.7113155464746126) (99,70,0.7668045744306922) (39,78,0.915238708660933) (56,53,0.8239166450289978) (77,61,0.8683558419248192) (28,65,0.8411168703986819) (22,4,0.8589626573831275) (78,77,0.6919800166090396) (15,72,0.802543604291992) (43,59,0.8501787817128169) (80,58,0.7405355167843874) 
(59,92,0.7607724974856724) (20,67,0.791574525221281) (44,16,0.79982460602936) (38,28,0.8147981295894735) (77,92,0.8181491818642688) (73,86,0.7755684460905506) (44,46,0.8542747537209489) (40,93,0.780209539724735) (55,93,0.8189333762877438) (58,28,0.788927177456375) (65,19,0.8046118445569505) (64,17,0.8926834442461002) (99,69,0.8232332456578693) (79,38,0.8739921784014963) (70,99,0.7121959100140854) (56,58,0.7634643669068689) (11,60,0.7576187373754533) (98,11,0.7916747929093698) (96,94,0.8834499148505903) (15,34,0.8508458621755687) 
(37,13,0.8141694742413732) (57,34,0.8214413835002201) (17,42,0.8209842857899462) (76,80,0.8176881862584615) (46,2,0.8066284209153709) (42,39,0.8893474126788328) (97,70,0.7456782437303854) (79,5,0.8582047359896307) (26,82,0.7597110633731878) (53,4,0.8006668985145202) (55,18,0.8625029181679328) (74,93,0.8554072781264667) (72,49,0.775165415565374) (24,12,0.8552872629145017) (49,92,0.7933841408234266) (51,5,0.7810889671844995) (7,91,0.853457683508754) (13,87,0.7746150931819131) (88,21,0.8332820208607248) (78,97,0.8396455271519672) 
(65,72,0.7217111921947185) (87,7,0.8557452239701568) (94,28,0.8560163208966151) (39,95,0.868316226359716) (46,32,0.7352200992276537) (34,77,0.8764958695166167) (45,68,0.8368322071130623) (34,49,0.7325642390343744) (51,75,0.7977300680300481) (59,11,0.8143361263871669) (98,7,0.8390342851797711) (24,65,0.8125935833783706) (46,19,0.798294025679162) (17,28,0.8094380218077641) (67,37,0.842108395043182) (73,4,0.8360107775520775) (87,94,0.7780321161869542) (27,17,0.734313015536463) (80,89,0.7859179464609692) (3,95,0.8682166888154169) 
(54,59,0.7929040330067757) (37,98,0.8264544938464499) (10,42,0.8408279061668796) (10,31,0.8062966860367053) (70,72,0.7448418642996271) (83,54,0.7594499874691387) (78,0,0.8345231454163493) (63,29,0.8615078232172985) (94,65,0.7712146840967667) (55,95,0.7914912277464962) (41,42,0.7339483710823671) (9,81,0.8086940308520831) (88,68,0.8044278115258198) (32,97,0.719725108055692) (53,16,0.8242169301705756) (27,40,0.8627260409537372) (7,23,0.8167810105510038) (0,94,0.8378295878625939) (81,79,0.7998369924510748) (52,27,0.815259914220424) 
(56,15,0.7945651588765005) (15,21,0.7326445564793602) (2,24,0.8169938210499186) (40,53,0.8377607052978906) (58,75,0.8176831105732747) (90,28,0.8314877461755238) (90,21,0.8481236813076822) (44,75,0.7838655168241836) (35,59,0.8297226004994247) (81,90,0.7376533674996597) (87,18,0.7900919021485509) (93,92,0.7655861502625275) (18,86,0.7909131109815822) (6,50,0.8027214943905852) (48,84,0.7529881486216555) (15,72,0.7036493546383058) (13,63,0.8358312243749917) (21,72,0.8325083185445651) (60,99,0.7376288109712655) (26,9,0.896779326235054) 
(9,17,0.7989268217447982) (87,45,0.8757853999342881) (4,26,0.8059661251572086) (43,95,0.8362510804756488) (37,95,0.800947049268911) (69,30,0.7957512626963145) (36,27,0.784132286324119) (61,18,0.7850887889021966) (91,5,0.7643835024237705) (88,18,0.7765983414114532) (95,4,0.8286804563143038) (14,31,0.7372479525705152) (44,18,0.796019072284559) (93,50,0.7724433026368983) (32,48,0.8412109139874068) (27,2,0.7679177475473553) (75,3,0.7711267213004676) (18,31,0.9226832092532236) (24,79,0.7817677976792194) (43,77,0.7589287036799279) 
(56,66,0.8044849355899607) (48,35,0.8698806771292702) (79,37,0.8552697382000557) (82,3,0.7801174943789594) (73,35,0.8079417147479144) (20,57,0.9028816634350009) (25,39,0.7574955522294722) (30,79,0.6693328315502508) (45,34,0.8389049956678488) (58,2,0.8005374620845422) (32,73,0.7651183632714713) (50,64,0.7514388658610816) (28,74,0.7148112972202372) (41,71,0.7505624796570485) (7,21,0.8008281617387726) (15,50,0.7799201874493371) (91,62,0.738677654958302) (97,2,0.7667391418438122) (26,45,0.7617846864988626) (97,64,0.7560325171253209) 
(58,99,0.8465702025311577) (59,29,0.7782833838745544) (50,37,0.8072275022077027) (16,80,0.8660003987878122) (51,98,0.8215433234316888) (72,76,0.6889921752797198) (39,58,0.7780345195163426) (82,41,0.7104365774667161) (4,88,0.9022493150514785) (31,18,0.7656643518277628) (16,4,0.8001620377239389) (35,45,0.7765479718517355) (97,44,0.7518114129245758) (43,4,0.8006643692110815) (82,22,0.768680096614558) (37,59,0.721537464371853) (45,41,0.9151426348060195) (0,99,0.8561615611160068) (26,81,0.842642976255988) (60,63,0.7245671027112957) 
(9,97,0.8085862356181165) (92,71,0.7946960410886563) (10,1,0.7874651131166801) (63,59,0.7211264429029202) (96,88,0.7363049286620463) (54,71,0.733331597130673) (56,0,0.741238164305619) (6,72,0.9242593697060868) (78,21,0.7965152064822729) (10,21,0.7797679661253515) (69,40,0.7951022692563938) (77,2,0.8068484335771482) (49,58,0.7684801562339312) (6,9,0.7592233703554632) (44,1,0.7754355997982193) (87,10,0.78580291863941) (97,18,0.8102209106497164) (93,35,0.8400653202360315) (91,97,0.7699013658711981) (13,7,0.8409900503740283) 
(15,69,0.7336176502292355) (45,17,0.8222785567374192) (95,9,0.8374567036555401) (61,50,0.8342784526279348) (5,45,0.7742715842007507) (62,77,0.8471430496151937) (45,62,0.795451809947263) (17,71,0.7345570680661528) (18,55,0.7133432536069768) (88,12,0.7344800184748013) (47,17,0.79587626844724) (23,36,0.812813831376164) (2,89,0.8141734047792843) (57,5,0.7811010910649065) (1,26,0.7004925557253969) (3,42,0.7997062561844468) (33,2,0.8044969434316155) (51,94,0.8263845893610052) (21,49,0.8036576496205777) (67,91,0.6973504549853127) 
(43,25,0.8055547293688349) (41,89,0.7811616753612978) (63,60,0.8214082926931882) (96,94,0.8892514735140546) (1,42,0.7825570174112965) (54,63,0.7905255315938579) (80,77,0.835812981837567) (32,36,0.8541335536764472) (84,96,0.8268598868170661) (43,23,0.8271686143403099) (40,91,0.7959218809910683) (51,95,0.7706529869851039) (0,58,0.7778869402602951) (3,17,0.7734360222099183) (36,28,0.8376637877286688) (89,32,0.9203339023862116) (25,19,0.7662655357099039) (95,22,0.8198041311228442) (11,7,0.7549070950335802) (85,32,0.7782426215759836) 
(76,80,0.7402482922449909) (74,87,0.8220357405183346) (9,16,0.8150311098531835) (59,55,0.7469772416726597) (82,70,0.7967180378769628) (18,35,0.8076634996801233) (15,37,0.8581123497360434) (71,78,0.8006624665724731) (21,18,0.8771617292868287) (6,74,0.7850453501210315) (6,28,0.8393734998926781) (28,3,0.6984301178263074) (4,88,0.8368298348541208) (51,82,0.7989482300511855) (31,68,0.7891063609172122) (19,7,0.7780979388297191) (55,19,0.7486895084130905) (86,63,0.7917846375514851) (41,60,0.8677384148241863) (79,1,0.7028852778064626) 
(26,95,0.7528105901681768) (35,60,0.8369867423701093) (69,6,0.8393763592218868) (16,76,0.8385934858813882) (19,53,0.7515500737507882) (17,49,0.7786742875715257) (40,5,0.7948082666413994) (38,47,0.7702598381621572) (74,86,0.7525495076279276) (39,30,0.8299223103607051) (85,23,0.8902485388846022) (49,22,0.7923424266397705) (45,90,0.9431791059447812) (71,47,0.8232684086883553) (26,42,0.8641959007374028) (55,59,0.8249133276879339) (39,97,0.7975264864714432) (83,0,0.7957710154136047) (87,28,0.7879915006882229) (0,74,0.8602801714034469) 
(88,42,0.8544366603987994) (95,34,0.7012867465393291) (91,81,0.8628319160771192) (55,29,0.7356706744135489) (35,93,0.8577706600891293) (5,84,0.8226546335974638) (99,65,0.8043040200214383) (86,95,0.7777762726134048) (43,42,0.8679721243697174) (45,97,0.9045676878680451) (24,55,0.8016804458346343) (83,94,0.8041841450455068) (29,16,0.7362848701106509) (35,49,0.7823250035801264) (30,85,0.7426738350132498) (7,2,0.839756209947081) (55,33,0.7968036857714582) (72,86,0.7361313906544571) (43,33,0.8543643966344291) (28,58,0.7903361984486371) 
(91,23,0.8216855887741448) (68,12,0.76630574501474) (87,24,0.806004284574559) (78,71,0.8092486758324012) (35,67,0.7638009810760045) (34,25,0.8216799390393634) (4,99,0.6765269974026145) (91,47,0.8436156376088461) (1,98,0.8211292640404508) (22,59,0.7857451895391409) (95,10,0.8058651585735628) (58,79,0.7737932451966485) (74,57,0.8655378028340325) (72,91,0.7145543535056077) (61,3,0.7901093860813184) (36,12,0.8588549818475604) (47,16,0.736564239234757) (79,99,0.7906734234370433) (2,30,0.8816738358815758) (85,26,0.7579074564572027) 
(94,48,0.8404714596316035) (97,42,0.7398439169984099) (1,16,0.7496720864023696) (59,74,0.7653638594913125) (91,39,0.8071796092955404) (66,10,0.7603346880851892) (17,64,0.8636804838623505) (89,2,0.763509640361957) (78,92,0.7500869461077423) (62,16,0.7988283861571425) (13,57,0.8394844138665636) (59,13,0.7984378296259225) (58,90,0.7983192635645058) (76,46,0.7550763912654355) (15,28,0.7739928215403448) (86,87,0.7478134999732586) (42,50,0.7787224981213005) (64,35,0.8023051154135954) (21,12,0.8307460717790459) (3,68,0.8200257846667971) 
(0,94,0.7232689557026535) (19,61,0.8253837648383091) (27,50,0.8183191462963499) (84,41,0.7590153160843565) (3,85,0.7764813228686211) (87,98,0.7977558395786165) (27,18,0.8320473488850613) (22,16,0.8694654919395768) (7,12,0.7705576115457013) (65,42,0.7742911629903796) (42,67,0.8631986660388223) (62,37,0.833178037843738) (84,21,0.8223978621303081) (94,85,0.8065387311049506) (0,50,0.7106875672431322) (59,77,0.8391075747173474) (56,93,0.8688633375260726) (25,32,0.7717935812192719) (37,24,0.8153312857876339) (63,70,0.7894527871308852) 
(47,24,0.8352456955466132) (13,54,0.7184692097144582) (85,21,0.7958585138723987) (62,16,0.8674047895359732) (83,75,0.7353351147614354) (37,7,0.8199626298004166) (89,61,0.911123974559984) (30,38,0.7745028907391743) (19,75,0.7740825878546084) (76,70,0.846325664741825) (44,79,0.9028171133789353) (30,32,0.78466473618081) (29,30,0.8085899617741487) (92,73,0.7261067530130387) (74,96,0.7755165348078106) (19,51,0.8060964468298263) (94,35,0.7994532927250526) (91,5,0.8020510030499194) (70,36,0.7748185115383683) (4,25,0.7827081647575693) 
(77,61,0.8765654477852436) (74,76,0.8363792472046239) (10,31,0.8407185195578947) (0,52,0.7563645480850372) (91,23,0.8088129067226005) (15,73,0.8449825124600765) (96,13,0.8026531577517174) (71,87,0.8047339900514356) (72,33,0.8111519934564306) (8,61,0.8419050115689658) (15,50,0.8085775944256993) (84,21,0.902607810172517) (66,37,0.7839352254906866) (73,8,0.7587403557366806) (93,66,0.8863297886705057) (51,63,0.8909262373181807) (69,68,0.8547347616460763) (90,53,0.7314186338062671) (76,81,0.8296967550433673) (95,40,0.85496700279661) 
(29,24,0.7306130095463584) (68,76,0.784166808981068) (38,16,0.8058158517836018) (2,4,0.8423980830462858) (13,8,0.7687881099042607) (23,7,0.8485133079071656) (22,92,0.7769620982302271) (87,52,0.7650244270197901) (80,26,0.8102458943527525) (77,59,0.8634997279642651) (13,43,0.8060988158679246) (32,3,0.7630592698150841) (93,12,0.8187323953342841) (1,91,0.8076373656497567) (63,58,0.8563429778071106) (16,43,0.7485048103098367) (75,33,0.8987150163601361) (42,49,0.700920925444477) (68,58,0.836167129662747) (82,60,0.8058423215815683) 
(34,98,0.817797353306061) (12,78,0.8620193488423977) (56,65,0.7731726509483422) (45,5,0.7649736944032242) (45,62,0.7964827034733835) (39,16,0.7677788736531642) (48,59,0.8170981485052562) (11,33,0.793591600217449) (7,74,0.8184421094881237) (23,33,0.7661050935916499) (41,15,0.8197844906241222) (74,5,0.8240777140801754) (95,64,0.9736349269209008) (64,91,0.8091514373879308) (17,31,0.8158236076180199) (61,94,0.7987205910626604) (12,43,0.8301953609228512) (75,15,0.7632236788216481) (24,10,0.7799504430658575) (39,1,0.8122860367742716) 
(79,1,0.7794907323987738) (70,30,0.781412575930084) (9,8,0.8288691438838635) (80,23,0.7301302120071996) (18,62,0.80594404279879) (51,8,0.7575287546443277) (88,83,0.7419199146904694) (63,32,0.7073786498219565) (6,1,0.8709699866544229) (93,95,0.8244306477047718) (89,74,0.8463968447580038) (31,55,0.7279236500015503) (87,23,0.8810485996436104) (14,60,0.8419175077230123) (5,25,0.7724099773899196) (98,75,0.840319338776861) (69,81,0.7931559309606891) (96,83,0.813338173630023) (83,73,0.7553365858877921) (42,61,0.7913256787643268) 
(61,5,0.8048555173949702) (66,38,0.8776948452621139) (70,23,0.7645557129460736) (59,15,0.8115622669129819) (72,51,0.7842024521465126) (44,89,0.7924115294695153) (49,39,0.7110351805287001) (89,43,0.8314001300375183) (66,95,0.8402969350513908) (71,63,0.7811825447278035) (76,88,0.7439676296325618) (78,43,0.8047532296006201) (59,87,0.8059041575596657) (2,4,0.7595142113083255) (10,91,0.7795099437783019) (39,62,0.790957240455997) (87,50,0.7721369499061173) (4,34,0.7578648062284984) (3,43,0.7151947335997463) (17,2,0.8316061380973228) 
(32,39,0.7617668740325888) (83,23,0.8024494940673768) (51,4,0.7604928306637049) (59,76,0.7284739474470309) (61,67,0.9069053352450619) (41,39,0.6770172668505533) (22,64,0.8201745249523981) (26,62,0.8469754507603338) (26,35,0.8031268940192409) (31,5,0.8076646209833079) (74,41,0.7522687779810557) (63,94,0.7696078919788268) (85,81,0.7948856366754602) (7,69,0.8540844285379974) (17,84,0.8230225442861417) (33,78,0.7269671855036692) (60,79,0.8049449471966424) (34,8,0.8642041903154156) (44,70,0.8151746831586325) (78,4,0.7627059675601319) 
(36,29,0.8140465981762044) (59,51,0.8014254711191774) (52,77,0.775026175926076) (61,56,0.8432799034400473) (46,23,0.8397856698718081) (93,56,0.7366006970134791) (27,46,0.8481549966225913) (48,85,0.8456218708021012) (72,19,0.7801730135965697) (6,78,0.8016060953403603) (84,40,0.8371924744044593) (79,51,0.735321931121573) (91,35,0.8072403843766359) (63,48,0.8277843555895816) (61,82,0.9095320911568417) (47,99,0.8512954040266677) (14,27,0.7627047557225632) (7,92,0.9051505364155186) (41,84,0.7750941823968216) (72,49,0.8493702746075866) 
(3,39,0.7462470937291475) (28,88,0.7664641641755049) (43,91,0.8223228427193365) (18,41,0.8529357732171271) (23,56,0.826239845801195) (23,78,0.7635823459110325) (56,80,0.7973962736316024) (45,40,0.8440766770238177) (81,5,0.7905489073667239) (94,93,0.8383104561482674) (43,46,0.8555157796549906) (62,5,0.7605034521472617) (97,73,0.7362264648667495) (86,0,0.7593380554882062) (60,11,0.7964983611020069) (54,49,0.8608221709038005) (8,26,0.8216040008281698) (43,58,0.8538243428634748) (90,95,0.7655035862710223) (25,42,0.7875865928354758) 
(60,27,0.792989521341817) (38,86,0.7493727900375368) (45,85,0.8538135881036332) (63,19,0.6839045551779314) (43,57,0.7979836983145848) (59,68,0.8181038248496662) (87,24,0.797648069877645) (0,65,0.8664487816724458) (31,99,0.7024991700192276) (59,63,0.8386467063854124) (60,95,0.7036890568128026) (85,94,0.7936516485078857) (27,71,0.7889963824607944) (72,86,0.7851962810373689) (75,50,0.8054500458139496) (36,21,0.8676205846532906) (31,35,0.8599350236140889) (46,43,0.732938371785405) (71,92,0.7694401531632729) (98,72,0.8546844520314703) 
(1,21,0.7732800275406704) (24,54,0.754420633982405) (14,47,0.8748390871424926) (58,17,0.8473066364206248) (99,19,0.8411935794948517) (23,84,0.7493976165771568) (18,90,0.8413155757328185) (32,44,0.771217754603302) (99,25,0.862661323339044) (91,93,0.8529626867645711) (55,95,0.7649137669607049) (1,87,0.787269564109116) (74,28,0.9104398561063514) (98,34,0.7667799284355674) (90,54,0.7770595339077533) (32,64,0.8006127630693564) (98,94,0.7284755117659122) (97,19,0.8236073058015568) (64,28,0.7793501187608486) (56,31,0.7307006093277448) 
(16,11,0.8363386545736743) (88,39,0.753994697528604) (48,32,0.7535286747839929) (55,33,0.7367641231508207) (24,0,0.7631314220155412) (21,49,0.8843333544849296) (41,29,0.8623749934719008) (69,65,0.76618621558743) (90,39,0.8241530670967627) (71,46,0.8325995489294116) (34,16,0.8178306695306019) (76,42,0.868055007441105) (29,78,0.7314868808095094) (67,66,0.8592196466190519) (50,41,0.8013702497623152) (63,81,0.8098944265719258) (51,98,0.7916277243486332) (31,53,0.8288671885659646) (79,57,0.8127696589068013) (4,12,0.7796272456567656) 
(71,39,0.8346889962721817) (49,41,0.7237172776913702) (70,99,0.855318447465115) (32,26,0.7987116604523286) (16,80,0.7362849588907588) (74,17,0.8157951029294814) (48,54,0.8478303771228788) (18,60,0.7282484003999724) (58,79,0.7800307078109948) (30,50,0.8301490792553694) (15,74,0.9532998341698548) (48,93,0.7911525636348763) (7,31,0.8553991742868943) (75,34,0.8093032194820843) (48,14,0.924627944364837) (89,60,0.7529126151305594) (74,95,0.8347521955772476) (52,99,0.8456809093720302) (34,22,0.7217012775565885) (7,97,0.8134115293833977) 
(68,40,0.8022350468673386) (24,44,0.8454313302026135) (86,53,0.8135858975940027) (35,53,0.8363980159427319) (95,23,0.9208734460379591) (4,19,0.7798618173335092) (78,65,0.7391717792823913) (10,65,0.7603215540602021) (85,43,0.7567748330414165) (17,29,0.7672702892507911) (87,88,0.8869037444216002) (0,5,0.8448508915334455) (1,63,0.7869849870396561) (99,78,0.7455843519197061) (33,45,0.7339584737883238) (16,0,0.7166940336953) (91,7,0.6619494906013206) (23,17,0.8395051582730082) (16,4,0.7349088000129449) (78,16,0.8012865897748204) 
(74,21,0.78252573709297) (85,71,0.792600668452801) (94,35,0.8777141288155816) (33,75,0.8692248239696576) (6,96,0.8565257946465703) (14,12,0.865707319725032) (13,34,0.7561578632721331) (68,18,0.7515384619354504) (86,87,0.7938651975425659) (80,55,0.7539300878891667) (36,12,0.8320242433181017) (29,6,0.8484738069760063) (62,52,0.8024324040777052) (42,32,0.8424041498301951) (27,47,0.8152672533595086) (58,54,0.827562338898714) (64,66,0.8924061436239178) (25,67,0.7791673468557626) (2,81,0.8232060955339053) (12,10,0.9296541904584258) 
(54,26,0.8268158585781862) (29,89,0.7761634825898897) (25,38,0.7143981030476483) (59,10,0.8243078860023377) (80,32,0.8723894101194948) (97,70,0.9091596913514959) (61,39,0.8283792852001904) (9,19,0.8249859314102116) (99,28,0.8098788316491896) (80,34,0.8020475633377813) (53,35,0.785374551451663) (6,13,0.8451395812948612) (23,36,0.7844093976784281) (82,32,0.8439344000325955) (39,50,0.7455955749420267) (95,3,0.7511754441846061) (33,67,0.8358744868898018) (16,42,0.8032155788863391) (73,12,0.7587103618009535) (56,60,0.7285824685197271) 
(87,83,0.727299004261855) (39,55,0.7133826768913801) (26,43,0.781797224674087) (74,29,0.7974173092293024) (48,2,0.7180995325664903) (10,54,0.8714114032307329) (58,40,0.8183291667502652) (88,37,0.8047856824346298) (5,77,0.8219242300891553) (11,21,0.7798791979890899) (58,31,0.8510756316838677) (97,74,0.8115509679396083) (5,82,0.7182725749779538) (64,43,0.8314279562091501) (89,2,0.7002069251075115) (70,32,0.8587887294289136) (37,52,0.847231447591152) (88,21,0.8424745646851924) (55,96,0.8480115992962733) (80,79,0.8031655143785703) 
(25,46,0.9222954475141183) (71,62,0.8314490886055909) (68,51,0.7697496922444172) (34,84,0.8383214997323629) (83,45,0.8031790995313344) (64,15,0.8208276810403266) (89,23,0.8178851474483503) (54,17,0.8090991024806994) (81,65,0.6260708637462478) (0,54,0.8686478562634938) (85,86,0.7713921094115576) (96,6,0.8208751915761638) (74,91,0.8739135850163788) (34,87,0.8143695303895904) (42,88,0.80734042030104) (76,62,0.8893771716731683) (57,43,0.7604438601466145) (14,5,0.8295797302972554) (71,79,0.7233269932374243) (24,14,0.7842536822484611) 
(98,48,0.7586401856018907) (87,23,0.8865642790696325) (60,70,0.7771327634836465) (56,37,0.7930733104231242) (74,75,0.853532175838449) (83,32,0.8254172325117429) (92,42,0.7224935123535534) (73,27,0.8265292598161281) (80,46,0.8482864673368199) (91,15,0.7828065109037736) (23,36,0.7943144740166025) (78,36,0.7708171422599969) (81,18,0.8113613977411698) (54,79,0.7778417456627863) (94,5,0.748185817299708) (53,23,0.8809272345456383) (16,18,0.8202042429777749) (21,16,0.8236853391363343) (63,17,0.8068541458760491) (20,99,0.7794997627102015) 
(28,8,0.7848070900104517) (66,18,0.8614336555350983) (3,12,0.7398309429821711) (75,51,0.7169725084705278) (19,7,0.8439525231264743) (89,65,0.8355030419766133) (97,4,0.7079249786385389) (13,89,0.7945234120670407) (81,78,0.8538378037803042) (52,64,0.8166599516300435) (35,83,0.7753928610161764) (31,59,0.7679660530742185) (92,28,0.8052297282101826) (27,47,0.8202989050825187) (54,62,0.8307936451710143) (17,98,0.7240464796628451) (73,85,0.8927981335949691) (76,93,0.8156146322535576) (28,98,0.7786248831300566) (57,29,0.8958150948931543) 
(69,40,0.8150949975481817) (64,7,0.7038033582297826) (66,75,0.6886438691087268) (47,69,0.8072231449972141) (96,43,0.8528275665564238) (8,93,0.7712546583270601) (37,31,0.83302926147165) (84,23,0.86536671935196) (74,97,0.8148356139627722) (99,91,0.745512169746354) (2,42,0.8424106785112063) (45,25,0.8365942564232929) (39,34,0.7894343221670723) (19,78,0.7934191864295698) (37,42,0.7631289053365535) (6,71,0.8482488718100737) (72,17,0.8365979686331875) (79,41,0.7530053984734759) (35,41,0.7885837519040624) (97,61,0.7660676992637787) 
(56,87,0.7274157966727222) (85,18,0.8589509216015164) (85,71,0.8216872701035343) (19,3,0.7111137806697836) (72,50,0.821384867494032) (87,20,0.7321734233410713) (89,41,0.8060021364143501) (53,51,0.7937209408787286) (11,79,0.7205345627384159) (67,18,0.7543127048976372) (56,93,0.8572510419144459) (45,73,0.7732482937569767) (89,44,0.7734941120753882) (94,38,0.8092988166593853) (42,80,0.7448010485806211) (45,41,0.8712516052839033) (56,22,0.8418316710051658) (42,86,0.8115935371708882) (56,92,0.7580881358273062) (80,33,0.8480062256370788) 
(8,18,0.772532796221612) (3,75,0.7932109082912352) (4,93,0.7973441436157072) (56,13,0.7871874562886686) (24,33,0.8693254073653132) (42,78,0.7764456833735937) (89,33,0.7478069902824266) (78,6,0.778493544647519) (29,93,0.8067874397184553) (62,15,0.796821328020981) (55,40,0.8188458565607732) (50,3,0.7713801072451121) (10,95,0.8412264499491142) (21,54,0.8341901949149145) (66,62,0.7665314277010891) (20,42,0.8115987133634899) (36,66,0.7502245303288622) (24,61,0.8694848145010964) (75,14,0.8454910482652868) (33,69,0.7623905410071259) 
(96,66,0.8155070815797426) (12,96,0.8347874094835355) (86,37,0.8720010753527322) (36,27,0.8950666889979548) (81,96,0.7693508211455432) (23,22,0.8240052142878408) (10,80,0.7149514695007907) (63,13,0.8138880618245357) (74,47,0.8031782812130044) (66,27,0.8274705059667468) (12,44,0.7511135702283621) (45,17,0.8003734185260654) (8,26,0.8794416612354752) (20,72,0.7703796526026078) (15,95,0.7360189700207376) (37,79,0.7926208498263292) (10,51,0.7792216320304665) (11,7,0.8124197263351903) (81,18,0.8475309081854812) (63,72,0.7602725830147613) 
(34,21,0.7846203337970803) (27,2,0.7824661115699562) (9,71,0.9737409052582221) (42,55,0.8428874643577376) (5,6,0.9030159361759145) (43,7,0.7668213464154988) (9,61,0.7205592925230218) (72,18,0.7512862316745301) (50,96,0.7722360835532649) (74,38,0.7909124066091846) (34,60,0.7885714449281725) (17,45,0.8336004543413204) (36,16,0.8001577130828456) (1,50,0.914198527925641) (36,74,0.8017842735388999) (87,11,0.8330377268780323) (58,45,0.8689205446450621) (46,87,0.789736221367977) (25,6,0.8022739232698411) (7,87,0.8128033530289659) 
(87,16,0.8291490923285939) (58,44,0.7648198131246045) (51,0,0.8314225673557418) (9,83,0.8010129732781919) (93,51,0.6924069002214644) (99,55,0.8109998063436059) (13,85,0.8288000128489195) (23,42,0.7654132612988703) (71,83,0.7809202293931388) (31,76,0.7299128200646777) (60,77,0.8398593227845244) (0,69,0.802018683344242) (30,33,0.7926010824977522) (81,39,0.8179636372149356) (74,37,0.7918551289591352) (58,53,0.7639405632947267) (76,95,0.7575698588390997) (76,23,0.7655052479402689) (63,92,0.8004088006291947) (51,89,0.7869651751580184) 
(98,4,0.805425306196954) (46,91,0.7609916878907831) (95,8,0.7169117364842135) (77,73,0.8595147787397017) (81,14,0.6975051181233299) (46,57,0.8683690684627698) (63,36,0.7754651448962135) (40,94,0.744992949513583) (12,10,0.7753058720062971) (69,37,0.8305719551288243) (76,14,0.7350115285578397) (8,20,0.8208468504466638) (86,57,0.8655632599583852) (15,20,0.8318758715379875) (91,28,0.8192202152605821) (1,71,0.74526198485597) (12,8,0.7188846711292296) (12,99,0.7556262152593572) (59,44,0.7846813564458407) (96,53,0.8752790446928654) 
(65,42,0.8283048384468841) (1,47,0.8876642724012721) (12,71,0.7513682084043857) (18,94,0.7827713388890633) (38,30,0.7916639784317598) (25,32,0.7543999153215017) (54,61,0.8519344212578477) (16,28,0.8068981343864138) (52,60,0.7645431925994932) (9,24,0.767652945470267) (50,83,0.6322006982622499) (71,44,0.7790037585998376) (64,35,0.7584954784283172) (67,48,0.8386814468557985) (26,17,0.7338324874540273) (84,33,0.8420154057980254) (41,30,0.8801964302829143) (11,86,0.86094891275414) (72,94,0.8613936523726942) (38,76,0.7427867244955549) 
(90,8,0.747580470513873) (47,67,0.7387891119838338) (12,6,0.8180992615260824) (44,24,0.7686445467201884) (71,28,0.7494681585783858) (24,61,0.7712951855632009) (66,2,0.7472310564840402) (94,12,0.7835878776682078) (70,5,0.8431287148123824) (57,98,0.8403497113680919) (14,90,0.7022237781781697) (35,85,0.7660773157041147) (34,18,0.850404073680304) (55,68,0.8494002760458139) (82,13,0.6858800144625512) (0,8,0.7766644330157383) (63,61,0.7970137256558472) (75,73,0.8746569077790967) (32,15,0.6821826963635854) (41,26,0.8033622568367876) 
(74,54,0.824775115280909) (46,82,0.7666991399994822) (38,95,0.8466547065031507) (72,56,0.8310073985645435) (6,74,0.7874994904453637) (29,15,0.8230356025930097) (92,65,0.8788291144214255) (48,27,0.8789422420133365) (78,84,0.7843617764784362) (43,7,0.7567353839505825) (36,70,0.7446528172549333) (71,96,0.785780734050501) (62,4,0.7929739453902347) (3,13,0.8198742224274174) (27,39,0.8599918224162619) (44,8,0.7832043867894692) (83,61,0.888957404899436) (23,68,0.8552946160830057) (55,11,0.8131591562712497) (87,4,0.9240722680261755) 
(25,35,0.776292679068283) (33,7,0.8743602134110011) (15,53,0.8017588555884197) (24,57,0.7538024420714091) (93,99,0.8266052715178108) (36,33,0.8326130730179884) (9,27,0.819188077258602) (84,90,0.824466269615235) (51,68,0.8398597508911039) (25,61,0.8267111082313102) (97,33,0.6970087634488263) (6,3,0.8429405600002549) (20,93,0.8148486774792401) (48,29,0.8379525790928596) (33,34,0.837009340168214) (71,46,0.816356418948527) (97,93,0.7234355390975469) (53,0,0.7041062475675147) (91,6,0.7787855372975242) (81,30,0.7103836531975005) 
(51,54,0.93242089997534) (77,23,0.7126038830306274) (46,79,0.8622464013074753) (0,31,0.7496090533773) (2,99,0.7758640223842584) (64,45,0.7869923370250653) (41,22,0.7527489814867411) (36,14,0.7801575734073835) (67,44,0.8419029354387167) (63,81,0.78339409545421) (93,48,0.7533964546749727) (47,61,0.6874644160104295) (48,68,0.87554800725377) (32,98,0.7772380355264147) (4,2,0.8563249544220558) (95,68,0.6960726221162375) (3,46,0.71150474810154) (9,19,0.8755610296845955) (1,96,0.825312255812655) (12,7,0.8374550429641082) 
(19,68,0.7602996816090306) (77,98,0.7867457909849328) (28,38,0.8531718070318369) (75,25,0.6963818545844819) (34,4,0.8244920733939238) (23,52,0.8266481452236005) (24,25,0.7967657364179108) (94,42,0.80533513285028) (27,95,0.7925324853413249) (10,55,0.8032733639594495) (52,6,0.8582645615755838) (65,45,0.7810027180657482) (16,30,0.7990763297651413) (84,25,0.7808391984413263) (91,8,0.8297523343846647) (83,13,0.7090683352062168) (13,43,0.8028179445680399) (71,53,0.8006542826067442) (4,36,0.7510226329731483) (0,21,0.89451189035338) 
(83,73,0.8014176248288382) (54,48,0.8762989061357709) (71,13,0.7211442782545584) (81,3,0.7746592786196668) (64,4,0.8790650310934931) (1,79,0.7486484423070814) (59,31,0.7116121357212594) (73,21,0.6756626078312296) (69,3,0.7869997907689936) (5,32,0.8805229593403391) (45,41,0.8127018929997961) (20,60,0.8315270991779984) (66,46,0.738710669311195) (16,88,0.7983202459910137) (86,84,0.8034565694050346) (12,75,0.7887370348077766) (89,25,0.8566305214288004) (11,19,0.86727466018154) (31,12,0.7595003745362962) (10,76,0.8323109991240317) 
(65,9,0.836112301536253) (28,72,0.7677534696958191) (0,45,0.8198581299451936) (45,17,0.8338349612155423) (34,94,0.7996569385303774) (86,94,0.8290047296100331) (24,77,0.8326120282029716) (56,60,0.786218530821154) (71,68,0.8838993170634006) (45,62,0.7906205610168252) (13,24,0.8393716653990181) (10,62,0.8069828671869416) (27,60,0.7439456686434126) (36,63,0.7704803978672453) (76,19,0.7624980438884855) (26,41,0.8003317708445199) (8,16,0.792375388445964) (53,94,0.7961343068482624) (30,20,0.7771447611782045) (20,81,0.777319431448946) 
(4,63,0.7921944606111765) (40,14,0.8746403720699497) (58,1,0.8228112317992888) (70,98,0.8342440173713356) (1,56,0.7638175881755206) (81,10,0.8385267789034406) (45,18,0.8060189764039024) (15,22,0.8090405213310329) (78,38,0.8539585477517599) (78,35,0.8317367055455762) (1,80,0.7909998696466792) (17,75,0.7336798196116233) (22,96,0.7907014541418743) (22,63,0.7815260736430854) (64,20,0.8454491913442804) (2,72,0.8448137011546105) (1,45,0.814378565159271) (47,39,0.7737681988831734) (99,56,0.7276522681837762) (58,77,0.7882282564410789) 
(59,93,0.7764749269042722) (11,38,0.7729050392044744) (48,42,0.8108992267853239) (71,14,0.8516257932026192) (47,27,0.7745340214963188) (33,94,0.7786321034394033) (65,8,0.8927196279568698) (5,91,0.8153794768132082) (63,73,0.7740548654219905) (89,85,0.8557117224236556) (26,97,0.84203307928003) (24,50,0.7812443650022015) (35,55,0.8175892651984935) (86,52,0.8113288567003463) (34,16,0.8216253227401853) (54,66,0.8282963123149213) (43,69,0.7998091192123592) (54,24,0.8653418629877383) (50,49,0.8292019105878374) (6,54,0.854815722388802) 
(47,96,0.8812568528912328) (16,36,0.8029151403005442) (78,21,0.8624524594971033) (17,32,0.8466841768596065) (17,69,0.6856709416664234) (24,8,0.6790678926853431) (31,79,0.8308646981479951) (61,71,0.8339998633906901) (58,30,0.9060763235490121) (5,62,0.8006387391602064) (13,60,0.8013626582116721) (45,16,0.7812905548062414) (59,30,0.8644534205702882) (1,93,0.7786051255693012) (15,75,0.8279062662440956) (99,5,0.7635117170681326) (22,67,0.7897458947597101) (87,17,0.7584353544805768) (86,14,0.887755787486928) (74,89,0.8134604849420662) 
(31,37,0.8399445115793963) (29,89,0.7266228813971235) (91,2,0.7328445853065731) (7,35,0.7604114604123431) (78,65,0.8184321933509034) (67,23,0.7749999065312256) (87,11,0.7349600723788824) (78,43,0.7981999341570917) (52,38,0.7335878971031145) (89,22,0.7805873508940625) (1,9,0.8071474712380005) (27,2,0.8720896186418703) (93,21,0.8221412129344193) (40,81,0.7887481932185604) (43,75,0.771390080807109) (35,37,0.697596761927109) (37,73,0.801134286491595) (99,3,0.8383021864993047) (34,31,0.8245563315937107) (60,24,0.7340783914141277) 
(6,75,0.7595903170133067) (25,20,0.7836436390292816) (43,15,0.8173885365209346) (87,81,0.8315471124525795) (83,4,0.8011690351098485) (73,61,0.7933181025911552) (30,95,0.7821838706453571) (18,40,0.747104269868889) (64,18,0.8109195853065926) (63,95,0.7716894620401092) (66,29,0.8286969249644525) (71,5,0.7957230532514564) (81,39,0.7842134475793838) (80,96,0.8063888479598973) (79,58,0.7545103980308699) (38,77,0.8123669307595414) (39,4,0.8136192831347168) (86,65,0.8095853221187838) (57,79,0.7919695367313548) (63,98,0.8375248972328757) 
(89,41,0.7538520941820013) (40,72,0.8749634688758654) (85,97,0.8044381466845992) (89,37,0.7993098341423066) (88,77,0.7888700280877778) (68,17,0.7629125930776882) (30,56,0.8465652654079542) (95,26,0.7596452481802285) (83,26,0.6625992740136142) (71,62,0.799752156502063) (88,67,0.756709986929626) (29,33,0.8150308567558171) (99,84,0.790720328428635) (10,0,0.7877338628012597) (20,80,0.7631189782490017) (4,14,0.8249464414780107) (78,25,0.7632076654114722) (33,2,0.8581968658361012) (34,99,0.7534140049718651) (60,27,0.9094888212322731) 
(12,44,0.8381122519910642) (25,35,0.8669135576761199) (28,58,0.8458966187930502) (37,38,0.8441731781131472) (56,43,0.804470695262993) (93,7,0.8241177998192666) (21,44,0.7773774100523086) (67,57,0.8771553261252367) (50,92,0.7856248466280484) (45,74,0.8059426636808302) (96,21,0.8176450035404974) (79,28,0.8593617900034447) (30,55,0.873449784284525) (39,61,0.8524315384713952) (43,93,0.8502970210833932) (36,9,0.7361952034654573) (12,90,0.6636284498036975) (78,92,0.8584423815719426) (33,42,0.7751342060193398) (88,62,0.8067768313189808) 
(81,58,0.781152791685412) (49,4,0.7430772064731093) (93,32,0.7504300434865651) (46,67,0.7120787238186915) (3,84,0.8294147269838752) (45,1,0.6475270754146968) (91,86,0.8510658744663416) (34,11,0.7487538966133769) (47,11,0.7540578924371779) (53,89,0.8016015562861175) (94,36,0.7455021189759697) (29,83,0.7513546858425401) (74,97,0.857211448743574) (20,76,0.7961043492466099) (18,40,0.7867648453390071) (98,54,0.850093725745833) (51,59,0.7890602337097133) (15,94,0.8135871449481622) (72,65,0.808095312267461) (74,57,0.8473804903235168) 
(49,2,0.8547064744859078) (54,73,0.8028639408789988) (91,98,0.8895596635642196) (83,30,0.8188080555232066) (24,82,0.8211884317591653) (9,34,0.8204520148381346) (93,90,0.7360805242143773) (59,29,0.8325851663786722) (0,23,0.7912144575148341) (91,25,0.7603774318927962) (92,23,0.7330334382964456) (31,40,0.8176051838416034) (27,70,0.7863268723019786) (11,59,0.8425728592458311) (68,62,0.8351977983370711) (72,77,0.8588061609147559) (32,6,0.8529654998741988) (1,4,0.7825500616899016) (50,48,0.8025225149454516) (99,84,0.7398970740040747) 
(63,82,0.7344181123667675) (81,38,0.835657395196615) (69,47,0.7264639635196831) (69,34,0.8341583869284382) (70,68,0.8283860264568056) (24,39,0.7989878339161065) (7,4,0.8225183940476849) (84,51,0.8252060014434469) (79,52,0.7525859412324358) (52,32,0.8594187096153196) (19,69,0.7502952447293825) (7,40,0.7420724101005886) (44,74,0.764337409649517) (99,95,0.7606173054151248) (2,56,0.7250007989177494) (44,69,0.8345740154113827) (85,19,0.759874884579107) (73,8,0.8044180688648447) (46,56,0.7698751960643202) (2,8,0.7952926415195705) 
(2,26,0.7600663800819583) (36,32,0.7908341461068011) (57,78,0.7593666876904651) (49,84,0.6989189508661288) (32,75,0.8097585829372853) (55,44,0.7969455813135596) (64,53,0.7193732197397587) (24,0,0.7904232340331884) (65,6,0.8060713471081444) (42,33,0.7880905640227469) (2,32,0.8429056478546458) (95,84,0.7880404807018446) (85,7,0.746785467287738) (62,53,0.7830228184340999) (40,77,0.844291995958337) (32,28,0.8497677729729576) (23,33,0.7542780997202273) (26,64,0.8445595774659581) (78,48,0.7917066827492376) (26,92,0.7484424996984511) 
(94,11,0.8347011371474093) (17,47,0.7694224653139674) (17,25,0.8215535965071805) (88,70,0.6888358418463744) (83,45,0.8239584703156042) (96,39,0.7100336861333921) (33,78,0.8403797804619344) (52,58,0.8214023176707447) (95,31,0.835002872739902) (79,19,0.8581248636870904) (57,39,0.8061801699846691) (89,10,0.8410016136132872) (98,46,0.8245642318714388) (3,32,0.8564280631591633) (29,44,0.7974829117134802) (2,41,0.7773165797847116) (78,39,0.8080572228017096) (5,68,0.7907979883786747) (7,39,0.8321989762170396) (11,16,0.7384305641709218) 
(76,69,0.7798746955227345) (47,91,0.7632542014676463) (83,63,0.7888361052281316) (92,57,0.8190078325681666) (58,13,0.8278732898138209) (34,17,0.7246303193687639) (18,91,0.7727592298632296) (32,39,0.7192906439972117) (75,18,0.6988503046167764) (33,95,0.7874037442211355) (73,33,0.7681955632225653) (84,32,0.8955654849527475) (98,62,0.7925115408891584) (19,59,0.7907882703830674) (85,70,0.8094146222380787) (95,42,0.7807951458622446) (38,30,0.7821569346522501) (82,35,0.8150731479590028) (75,99,0.7313863079682135) (98,68,0.8352055561091372) 
(94,89,0.8159041508442672) (26,83,0.7261147172197262) (74,81,0.8582724407779864) (95,0,0.8526330300973232) (77,53,0.7994689105105449) (6,15,0.7912350082001331) (16,18,0.7303562482827156) (6,66,0.8218114639154233) (78,6,0.8856809120650575) (10,7,0.80269212204423) (88,8,0.8324630911826498) (63,5,0.8403081684429811) (44,64,0.8047429804741175) (96,67,0.8189971878072145) (43,36,0.8826088994421439) (29,93,0.738849919287243) (67,57,0.7038982140970647) (26,24,0.7395667411622746) (97,87,0.8438032950872408) (23,99,0.8300846352906631) 
(29,53,0.8609820506546578) (88,43,0.7869774713734877) (72,28,0.7728030161501536) (78,87,0.78383156335056) (69,19,0.7688257421203828) (91,5,0.8914013766923454) (11,75,0.7856507499145734) (64,92,0.7875959262262316) (98,29,0.7873478734697814) (37,79,0.7832454162328906) (8,10,0.7349170600483953) (90,9,0.7995238448572669) (70,27,0.8099250946239958) (21,54,0.7791510753922386) (54,61,0.8725250984148234) (53,97,0.8158096311587691) (12,39,0.8108651048835632) (80,45,0.7246258984972829) (95,27,0.8882768425384784) (89,22,0.8749117085714736) 
(22,23,0.812008971001621) (2,58,0.799510018045211) (7,0,0.7927804844444083) (95,21,0.7974999305608939) (4,64,0.7333536767598866) (87,40,0.7734416627509201) (57,13,0.7627890227017142) (25,7,0.869946782310848) (75,2,0.7812553562377792) (80,67,0.7900156499894981) (93,80,0.8105068007860599) (77,41,0.8351960627133812) (12,80,0.7955686576539123) (61,7,0.8018339879146402) (75,58,0.8170505342743402) (4,48,0.7775713906575414) (27,70,0.8136424210120029) (99,88,0.7992040821925841) (84,24,0.7910847151430803) (31,58,0.7621690698691747) 
(68,92,0.7784361773814099) (51,75,0.7671262751713712) (15,17,0.7830847654599379) (79,52,0.834469096477956) (79,25,0.8274008079054801) (69,79,0.7287315906342173) (84,18,0.8251439931024394) (14,98,0.783817700143319) (95,77,0.7062006702602999) (85,53,0.8295308169194959) (7,28,0.7899542572500329) (26,57,0.7562540209500243) (21,75,0.7720134877647925) (77,76,0.8485921705596478) (40,34,0.8026459111217793) (53,39,0.8391355927279083) (63,86,0.7673494143761717) (38,93,0.7121987378776068) (66,73,0.8439648248753554) (36,54,0.7923468003234744) 
(17,52,0.80547829596363) (1,38,0.8027535795063413) (22,78,0.7980990723678802) (55,73,0.7752084192605001) (23,1,0.789507242998915) (36,24,0.8411255540201589) (68,49,0.8417516264075626) (44,84,0.8365032156009333) (79,41,0.8205814512979116) (3,53,0.8204402451759744) (48,53,0.7701613473916333) (64,46,0.7665948764607584) (70,19,0.8841785862977409) (98,26,0.8285669539066922) (5,31,0.8339217297039875) (24,12,0.7691620312199751) (98,44,0.7988621423488164) (34,92,0.7191639678718709) (63,94,0.7173210039591267) (8,30,0.7608352411442727) 
(20,60,0.71414816999487) (72,26,0.812553505450396) (28,22,0.7582674469973677) (91,54,0.8190975272478803) (50,88,0.7280700904487329) (17,77,0.7514597027946738) (79,92,0.75070894446392) (72,76,0.7798518381930368) (2,42,0.7790520678565843) (32,99,0.762550495344875) (48,28,0.8066571580314951) (26,94,0.7539638669951426) (44,29,0.7704034856010247) (19,7,0.723766360590217) (78,30,0.8641659951686503) (67,50,0.7555151853922133) (73,98,0.8765851324658673) (29,80,0.8617363599177047) (98,42,0.8012812846649819) (19,22,0.8095717722135765) 
(71,59,0.781349934226867) (97,9,0.8448860902101811) (52,62,0.8188056158986571) (74,33,0.7661231503623388) (95,50,0.788725892814849) (31,2,0.7921870133532248) (96,77,0.8457082383564134) (1,94,0.8620541277649413) (59,23,0.7802009608118143) (33,95,0.8638234115409575) (27,33,0.7491376469393162) (64,37,0.8818692686152594) (25,39,0.8392445576853444) (81,37,0.7566737049077313) (62,12,0.8675584754930439) (96,76,0.8165553601623206) (81,14,0.8036893924053441) (88,91,0.7863170585629488) (10,71,0.8814380473610068) (14,96,0.8533735313120039) 
(41,54,0.842717782220654) (15,6,0.85009265049665) (79,29,0.7922843926581842) (10,41,0.8242775220904359) (31,20,0.7860563341607864) (59,6,0.8492748596388396) (97,59,0.7565385486261266) (18,13,0.8449586003499632) (55,46,0.7792095331361426) (29,13,0.7454255840403696) (64,44,0.8554466804158664) (38,12,0.8598635703489478) (38,4,0.7234133128073992) (66,48,0.9010499714550395) (5,50,0.7625406934244422) (81,13,0.8350991195498252) (47,54,0.8385469397989143) (18,71,0.8331107292918485) (18,72,0.7986888059714329) (46,29,0.823009442164824) 
(51,19,0.7400751529663872) (27,42,0.6850613725889437) (46,21,0.7879989952954441) (80,57,0.7745036937886092) (89,76,0.8100971124649626) (73,21,0.8076554869105457) (99,9,0.8133507505812063) (70,75,0.7280414899219778) (6,43,0.8511965329549513) (82,31,0.7869016819009614) (39,1,0.741287648081157) (72,27,0.7999009188737929) (79,26,0.8365562566475262) (87,79,0.8317928619338255) (50,28,0.779345305099851) (8,94,0.8291882237543655) (22,21,0.7768018429328856) (30,86,0.8367165041338512) (12,55,0.8221047436636073) (36,49,0.8116924128256626) 
(53,42,0.7507549368130749) (1,96,0.8043528704868435) (85,7,0.8533216209858372) (79,4,0.7931559129976308) (30,48,0.7455703132148763) (72,45,0.8196728827830828) (20,48,0.7531549767758061) (67,18,0.7751865706991794) (78,98,0.8666967598994325) (73,91,0.8958961956486887) (32,4,0.8070994209424183) (31,3,0.8146197496682892) (12,58,0.7433657554624865) (83,75,0.9164702841121953) (17,33,0.7334733625140835) (31,36,0.8227920342211774) (19,23,0.7930924156939267) (86,61,0.8249469436469313) (16,43,0.8026651627108535) (29,8,0.6873013251883295) 
(55,14,0.7186879401833796) (75,1,0.8021618307893285) (96,34,0.9001314217826302) (96,45,0.7577310528803007) (98,15,0.809813181156015) (79,45,0.7855100622282036) (22,16,0.8293082966214599) (82,14,0.7377880292747967) (21,38,0.725713029683386) (86,96,0.8329191966863302) (35,57,0.904111400440771) (29,32,0.7758558760226699) (37,76,0.831414906986505) (79,23,0.8228565201296077) (65,13,0.7381472727726626) (53,84,0.8793016554992676) (70,53,0.8332437687172823) (20,46,0.8499748376999926) (17,62,0.7818868087920882) (9,6,0.7326568137605435) 
(83,74,0.7584698666689483) (12,22,0.7792388156232505) (81,4,0.8676516068172649) (78,27,0.8415733354279475) (40,11,0.8577503063914766) (37,60,0.8043183651936527) (73,17,0.8027962032864957) (12,43,0.7557347689516447) (49,89,0.7683271330480916) (87,1,0.8262897547611615) (32,17,0.8195365291695242) (2,35,0.8377135813560922) (86,94,0.7567527814930575) (39,38,0.6914401499226135) (90,85,0.8299874148501293) (10,22,0.8526932896614476) (10,81,0.7746014235623541) (17,77,0.8782319371464257) (13,74,0.7446084213448895) (8,46,0.8160860140279621) 
(93,8,0.8669731366676364) (73,49,0.7175362692874645) (21,72,0.9211655036862969) (62,37,0.8349117098014199) (71,27,0.7892526233762734) (88,70,0.7741699547099566) (29,31,0.7507155095093884) (81,75,0.6834656889405014) (68,89,0.7399335875040682) (65,35,0.7836667673014036) (41,90,0.7917830639922986) (31,46,0.896235153671597) (19,97,0.7661698681617336) (21,33,0.7992297080300921) (26,97,0.861928951185881) (5,33,0.813703827621547) (66,93,0.83351755779291) (6,23,0.8261902968869912) (15,8,0.8257425931600157) (73,6,0.8507433358124157) 
(27,15,0.8579539878928248) (81,94,0.7926885844169662) (98,12,0.814074576500667) (57,37,0.7409775164900361) (97,17,0.7325158391573424) (13,7,0.8311232974697051) (11,64,0.7597996775135719) (18,21,0.7629331741229737) (43,31,0.7690123761959639) (58,80,0.8535870473165037) (78,93,0.774520694277256) (23,82,0.7737874274022069) (46,56,0.8027497271108514) (66,97,0.8263895940848325) (93,55,0.7931260141862635) (80,6,0.8570635626847446) (61,29,0.8376181714756541) (34,5,0.8387727023886355) (99,54,0.863400290895481) (45,46,0.8239679656105001) 
(38,36,0.7449504678553407) (15,19,0.8994394776782745) (38,35,0.7450269029540201) (52,23,0.8479832817838239) (11,81,0.7822430896509593) (57,88,0.7956107926398038) (88,39,0.8237574793538656) (45,84,0.8352128041738152) (2,48,0.6984272772111431) (41,72,0.7678797655734451) (33,90,0.8172614271432365) (36,63,0.8179482272257479) (68,65,0.7035239249799285) (39,33,0.74070431206789) (51,48,0.8648184504404255) (99,58,0.7336945626310454) (38,28,0.8031581810393181) (71,16,0.8599689519747094) (21,69,0.815332851337105) (13,86,0.7103078660692942) 
(36,88,0.7566464291448828) (67,31,0.8155672779211016) (1,43,0.7433440699365579) (80,75,0.8325412983205236) (14,0,0.7916303113865993) (0,88,0.8165048232762024) (35,32,0.8574552391342061) (4,1,0.8183024286709394) (76,45,0.8662918702960178) (7,86,0.7392702358085195) (32,75,0.7481275163652575) (99,7,0.8302023200572066) (83,34,0.8212787251586434) (22,78,0.8620209070644332) (67,46,0.7695430819802043) (60,9,0.7175557839633276) (16,11,0.6912481311390473) (84,79,0.844541667809577) (44,81,0.8170179681262703) (80,24,0.7439781051829907) 
(33,12,0.8451360689360785) (97,81,0.7542839925281781) (38,73,0.7664546961634053) (10,7,0.8275733702685226) (48,61,0.8709155079068139) (34,75,0.808886796023814) (21,98,0.8144740553299696) (32,39,0.7203156114150034) (56,65,0.7624871281528374) (68,26,0.7587841559216287) (66,54,0.6879051765080613) (23,70,0.8833192689349679) (18,82,0.7442736857823908) (99,66,0.8326686985648323) (49,59,0.8328914504565244) (41,56,0.7952997036959624) (66,16,0.8375093321774164) (25,4,0.8154719079969518) (11,4,0.7399652344839681) (88,11,0.7792498289566172) 
(69,49,0.7409088290050535) (11,74,0.7968853274587948) (22,99,0.8165446658800355) (12,11,0.768227336754871) (28,69,0.7925120969049614) (69,37,0.8532012763358647) (91,23,0.8198024495248533) (85,56,0.7879367866519441) (87,8,0.7019167707149808) (24,6,0.8096215794489217) (12,28,0.8711017647477348) (84,66,0.7787197151656013) (22,61,0.7840519273095373) (81,55,0.758972096462979) (2,71,0.7621963426101165) (85,48,0.8184141078220104) (25,53,0.7956959015144833) (33,41,0.8181695027028835) (45,75,0.8672227585563183) (63,9,0.8729504892117755) 