(25,87,0.9233537949868282) (24,43,0.9211976732035132) (96,2,0.9238862838786812) (61,43,0.8903962534338511) (35,34,0.8572152249102549) (96,30,0.895415840673182) (45,38,0.9005216815959028) (20,22,0.8899592745187398) (67,49,0.9252710875718447) (17,2,0.9129869637038197) (22,48,0.9238271540728654) (77,36,0.8985201799742226) (11,87,0.8951227802376657) (61,94,0.9210357972963789) (4,3,0.9261067413314118) (79,42,0.8781791452555693) (21,57,0.9118318447784277) (54,15,0.8756135857649306) (13,22,0.8763506572823456) (49,97,0.8781221840567471) 
(90,60,0.8957399479037571) (94,98,0.8793613980143284) (46,8,0.8568447993305062) (99,31,0.9002308136611311) (32,17,0.9169973430157138) (22,57,0.9093582747508723) (36,61,0.931173271337301) (76,64,0.9167629371173986) (29,87,0.8874427875309228) (41,78,0.8938123874800684) (44,64,0.8638775274457066) (83,13,0.8747259852118253) (27,52,0.9055144884529519) (61,7,0.9040536479278207) (5,86,0.870340284870736) (47,16,0.9159341229390474) (79,85,0.8837801993455338) (40,68,0.9178446053466167) (48,59,0.8940580128451446) (65,49,0.8854257867052127) 
(13,81,0.8842041782966481) (63,53,0.896980124638752) (54,57,0.911375132849033) (94,80,0.8841095821187571) (50,96,0.8579673831945666) (50,99,0.8917434436959726) (96,40,0.8384443580173548) (18,72,0.8708624650242512) (91,29,0.9144636764299542) (26,7,0.9218142141369399) (30,95,0.8641330571457522) (27,58,0.9258370867163096) (65,75,0.9197386953146514) (26,54,0.9118380359469727) (52,97,0.8918966379244914) (39,28,0.9068259021960897) (41,70,0.9305029041824998) (52,65,0.9080447473169412) (42,78,0.9080652858548286) (46,98,0.9082085196903957) 
(70,45,0.8886657237725195) (75,86,0.9232319456553029) (33,68,0.8890902287416999) (52,12,0.923704075135863) (44,95,0.8951368011256738) (14,30,0.9151509195213084) (91,2,0.874568566669819) (49,58,0.8991495505532938) (5,96,0.8655655305348694) (8,32,0.8878928491047774) (59,28,0.890718587157168) (54,98,0.9134972707360548) (51,59,0.8820671194589842) (20,32,0.8823135902233796) (39,60,0.8989879089664293) (16,99,0.8969553127888283) (17,3,0.8984245272695742) (14,52,0.9334013889399594) (48,78,0.9100230673040837) (92,34,0.9116257975861648) 
(66,79,0.8879589490048947) (56,5,0.8870128095759071) (36,15,0.8851977140699278) (79,65,0.9003927336046939) (49,42,0.9116131786458732) (6,57,0.884502893641792) (14,84,0.8795550781474064) (39,24,0.8904750566810391) (51,88,0.9021160968154147) (64,53,0.9117273153861711) (71,74,0.9393439649612951) (61,42,0.8754608062044744) (70,39,0.9165710201889805) (80,36,0.8506685711436219) (28,9,0.919298192983461) (71,58,0.9027091815835062) (36,58,0.8805439732784014) (70,17,0.8932874905714762) (54,43,0.8872440674608744) (48,12,0.8837905017881535) 
(58,62,0.8809397270376191) (57,71,0.887301508672329) (56,7,0.8821775128645232) (39,45,0.9296527284154695) (52,95,0.902676317901556) (45,30,0.9041048012250715) (51,54,0.906779518225837) (1,21,0.8662144173201977) (8,14,0.8945773331786416) (97,84,0.8788846599517287) (74,94,0.8845216227362133) (11,42,0.9261346902999232) (14,28,0.897285470364873) (62,98,0.9228036234312371) (38,69,0.8904727764451931) (61,80,0.8981702239358876) (70,6,0.9310359379763119) (94,26,0.8990391126768125) (85,17,0.9108212346877796) (1,78,0.8813297244961396) 
(15,53,0.8992636240910483) (87,78,0.9402607870107567) (69,66,0.9128190849695539) (77,72,0.9026885137555571) (64,73,0.9281911364403973) (17,34,0.8941102781534895) (13,68,0.9077577603032893) (69,67,0.8834182581340904) (23,47,0.8963333793131949) (60,30,0.9171671939746114) (28,23,0.8992561924203722) (84,71,0.867364336057329) (96,83,0.9270424224377105) (20,86,0.8907584196975533) (36,91,0.9242895541735475) (44,73,0.9176259446453285) (92,28,0.9077485169628968) (37,18,0.9144691410223214) (51,84,0.9078609239247593) (45,79,0.9101055933414747) 
(44,12,0.9107835094116282) (35,80,0.8897686801359354) (19,42,0.9021954270738305) (28,4,0.8836441362882054) (64,3,0.9264745019413895) (28,19,0.9111009210175214) (72,5,0.9150183143076669) (37,86,0.8976951948753943) (86,69,0.8753181987668811) (38,44,0.886595825529731) (17,50,0.9117609214020426) (19,15,0.9056119556956987) (42,79,0.9124856972310003) (29,39,0.9337562630089121) (76,95,0.9073061531276936) (13,10,0.917029812019398) (88,95,0.8887182230419269) (67,82,0.9030807181508982) (60,55,0.9077073375211016) (41,34,0.8878491708545055) 
(82,37,0.910119993574809) (33,71,0.9218185574906387) (19,51,0.9096454187881827) (57,81,0.9272397946067998) (5,47,0.8835751439015529) (9,90,0.9011178038376707) (57,98,0.8789244571472298) (30,66,0.9176869018984537) (46,0,0.9044969407643304) (14,58,0.8620353271770966) (35,38,0.9157046344289899) (30,68,0.9194943108687319) (19,5,0.9095363612387207) (9,21,0.9008346078138969) (96,55,0.9202438760078676) (39,95,0.8947070254187064) (86,79,0.8925483804839549) (81,82,0.9293309998682062) (26,87,0.8555368860730439) (20,17,0.8882989489287837) 
(78,62,0.9364132097053867) (47,74,0.8970528447297097) (84,44,0.9127021526673296) (56,79,0.9184369751845393) (62,63,0.9069986400974777) (43,15,0.8966166466235769) (84,68,0.8970100536877845) (38,12,0.8934769457926033) (70,42,0.8950003719834209) (94,55,0.8901208594405681) (10,15,0.9064763127465658) (55,86,0.8953060666719266) (55,72,0.9041613046337781) (80,91,0.8933390326428651) (59,70,0.9115339952645554) (61,99,0.9229875205295365) (32,76,0.8929938666041506) (31,20,0.85773149792229) (37,47,0.8790586206518677) (46,99,0.9141692994096526) 
(16,97,0.8882027538084666) (37,85,0.9021312261082055) (91,28,0.8469124322073543) (67,46,0.8652927720497351) (90,95,0.869417678947994) (53,25,0.8692184237559222) (31,50,0.9100287512935027) (68,31,0.9134658674091762) (98,84,0.8844825206555395) (73,95,0.8668049808052144) (98,76,0.9180595023560673) (21,34,0.9332352614226272) (64,62,0.8884937982051675) (6,46,0.8878498872451124) (38,47,0.8517229616045873) (4,30,0.8884995073380705) (62,84,0.8660925175685916) (65,88,0.9135342026899859) (68,20,0.9005563447214826) (59,8,0.9108133055807637) 
(67,90,0.921466660203466) (12,72,0.8819382817339111) (51,17,0.9169676554706406) (68,82,0.9433999558672506) (16,26,0.8987055551492845) (13,31,0.9043992628412533) (84,86,0.8986089415673644) (6,44,0.9198757282793959) (79,57,0.9068626333460911) (46,85,0.8879872746028061) (23,17,0.9023002900707727) (58,11,0.8884624640603762) (7,0,0.8880838364910388) (4,12,0.9252657798338012) (80,67,0.9011560915779563) (7,87,0.9457269666151803) (67,22,0.878013783138543) (98,64,0.9110202695542255) (74,64,0.8574247671755932) (53,9,0.9021504262285194) 
(38,60,0.8842023993609656) (42,62,0.8901061207994935) (49,60,0.8970529916688726) (50,57,0.904700276171009) (36,87,0.9096623540706397) (23,8,0.9276824489104835) (74,90,0.9292913214777634) (6,68,0.9103478004796685) (32,80,0.9078524456584603) (25,18,0.8878658820592406) (84,20,0.8905504085858347) (29,51,0.9301278856990854) (64,3,0.8974769607170746) (91,61,0.9414172762643761) (13,77,0.9038558145627936) (66,76,0.9124103296030716) (45,43,0.8904404838020994) (69,73,0.88506951534296) (37,4,0.9082463138645009) (10,84,0.8998659822875372) 
(8,86,0.8711419939091408) (17,6,0.8700291009178405) (48,23,0.9054481313856217) (60,15,0.9089635908504753) (97,20,0.8874124983239033) (36,27,0.9277110587957438) (52,57,0.9142633449790025) (38,73,0.8545089090691037) (74,8,0.8937325851287052) (56,25,0.8497606962128689) (90,38,0.8718247326382871) (93,79,0.911540356623105) (37,80,0.9130323360311002) (35,80,0.8878346573738825) (66,49,0.8881907132115615) (81,82,0.9034751580509002) (5,73,0.9224300665902) (43,84,0.8577352148173051) (73,82,0.9218961342623779) (37,93,0.9453488462033751) 
(80,26,0.9351612457358018) (80,63,0.8424391423647376) (49,31,0.9106221688880184) (5,3,0.9089889809285773) (22,70,0.9168167707499432) (56,94,0.9325799765086611) (39,21,0.9006807646558953) (27,21,0.9079240692887206) (31,15,0.8789878082452532) (36,54,0.8903211489210399) (1,21,0.9131267412683817) (16,36,0.9157074110881769) (11,56,0.883808650424239) (21,79,0.9017157441263349) (17,28,0.9211560262107051) (59,23,0.9343943111419989) (38,76,0.9289269138798059) (46,2,0.9132648099714109) (8,65,0.8867237129207444) (4,27,0.8861184039335306) 
(25,75,0.9251817530397181) (13,40,0.8680460340866404) (62,65,0.9014484428613837) (5,75,0.9082804047977037) (46,58,0.8683004923990794) (59,64,0.8994882493669164) (28,54,0.8915178466732345) (60,52,0.9002494252778528) (90,65,0.8683310629362371) (73,94,0.8789077726752722) (89,20,0.8915831046460383) (41,94,0.9213173232306976) (52,2,0.9000655454474215) (13,88,0.9000888184124962) (21,68,0.8986429212644051) (23,30,0.917723538463818) (96,20,0.9163730840031361) (61,69,0.924658846667165) (68,58,0.9109067344724953) (55,4,0.9158392368359207) 
(2,34,0.8640020188460298) (45,66,0.8726731463206885) (55,60,0.8962660897184906) (26,77,0.9281662952864045) (68,70,0.8960650323661223) (75,7,0.8960491130837152) (85,15,0.8899437917470188) (34,97,0.8644369548533595) (75,76,0.9206905413968925) (13,40,0.9049636442591923) (53,56,0.8888657886944217) (25,28,0.8790027811956188) (84,22,0.9121219981809178) (19,53,0.9111313863832499) (21,96,0.8689366774312619) (5,38,0.9057389221533947) (76,5,0.9024787906584439) (19,61,0.9153297537152353) (9,98,0.8664507836255477) (81,97,0.8917733311412408) 
(28,59,0.895913299230505) (44,5,0.8925924643548651) (84,79,0.8944161510005159) (20,33,0.9032491300201444) (55,15,0.8973123851739137) (8,50,0.9208400155342463) (71,34,0.8679904492421314) (39,16,0.9021973862947853) (30,14,0.9544414467782381) (61,54,0.8776744972222952) (30,36,0.8740175306218291) (54,74,0.9175479957878176) (78,29,0.8889709321392734) (91,50,0.9072875572983902) (45,37,0.8916019724384394) (42,34,0.9215610642262579) (4,68,0.9102826478101368) (90,71,0.8933534986066898) (24,26,0.9124857400251585) (95,40,0.8912456559848299) 
(0,31,0.9002370093789765) (36,47,0.8699143165565145) (22,2,0.8981739441363829) (38,91,0.9142942337030148) (71,44,0.8989610001665724) (56,65,0.8933674522302952) (17,87,0.9431280527751265) (54,81,0.8668460807750455) (6,15,0.9324843651177853) (51,30,0.9317097316846527) (9,33,0.9147549265860005) (92,2,0.8794135204591684) (93,87,0.9053841003683375) (36,94,0.9372535243725706) (95,92,0.9141984049205364) (48,45,0.8974222562915468) (41,71,0.8969063081385412) (99,57,0.8964846588083274) (29,85,0.8682440362785153) (66,99,0.9172831485083381) 
(3,81,0.8750043625071932) (73,53,0.9244948031770968) (56,3,0.8592702018098899) (61,8,0.9161423065160892) (47,95,0.9060671750555731) (6,13,0.8427697296889484) (35,63,0.894996619025478) (29,49,0.8923282181793452) (46,17,0.9275909754918773) (6,17,0.8734634907493901) (87,4,0.8939811673467315) (75,42,0.8940761771137059) (7,12,0.9132319716807353) (5,54,0.8976151580325004) (89,67,0.8875267589849817) (30,48,0.9167266436015203) (92,96,0.9014307204941621) (40,24,0.845629854792001) (19,52,0.9368601424175783) (19,28,0.8806150058136039) 
(36,12,0.8919855074990752) (88,86,0.8769614112693066) (21,27,0.8877830879271089) (83,2,0.9076318241042794) (56,31,0.8923471212760791) (4,27,0.8500352232582989) (60,80,0.9081977942344511) (50,94,0.9165940143247678) (69,74,0.9395586107159773) (3,90,0.8678077019992618) (71,29,0.8963592852749399) (74,31,0.8724210108300706) (93,30,0.8963989199360419) (98,91,0.906013561807922) (11,13,0.9013950551147929) (80,49,0.9269445501365061) (53,97,0.9027231015989514) (29,27,0.8963424095046016) (13,15,0.8567884412638866) (3,83,0.9087798172864598) 
(43,9,0.8525825759100052) (85,75,0.9446849318229258) (88,95,0.9183749211467619) (5,11,0.9106582661164685) (31,63,0.9300665777063329) (75,60,0.9098282716753461) (56,3,0.867277102498768) (32,27,0.8712270909477887) (55,84,0.8824800036550077) (78,82,0.8662410150660649) (22,51,0.8993091437195503) (19,31,0.908985696661298) (93,19,0.889575515453819) (27,18,0.8949830413083263) (79,87,0.8690930086941929) (67,18,0.8964175529630567) (17,63,0.9161306686228028) (24,43,0.9113639585770452) (4,1,0.8814575671002883) (78,35,0.9405184641800499) 
(42,49,0.9248833522398187) (11,8,0.894478438123575) (33,38,0.8674898387246992) (40,77,0.8934676888561808) (33,50,0.9022563483886475) (11,47,0.8877516944217344) (96,17,0.8933036855178286) (72,28,0.910512149178249) (59,84,0.9072729191945771) (70,31,0.8986053647563298) (71,86,0.8860312251393964) (15,87,0.8996022104535819) (92,71,0.9064793975895941) (33,34,0.9093132987655176) (68,87,0.9192226545528038) (20,73,0.916717256261129) (28,50,0.8938331899082079) (61,18,0.884202792649357) (89,23,0.8841295346687434) (55,22,0.8823029406805479) 
(96,72,0.9398986722516627) (92,69,0.8735179847192776) (59,86,0.9117585410837609) (79,36,0.887862211121765) (6,91,0.9256063427088246) (96,7,0.9110883670949282) (28,82,0.9024604367296925) (64,84,0.933524611101154) (2,31,0.8686835407716806) (43,15,0.8776319224843663) (57,1,0.8952920950964625) (63,41,0.9334137259375692) (80,57,0.9378532091480778) (96,58,0.8829589451500979) (64,41,0.9081908748855129) (84,99,0.882133598272243) (55,23,0.9308126264497313) (31,96,0.8722729283089682) (78,26,0.9111301916119908) (9,20,0.8909906709015313) 
(43,30,0.9229760050497372) (58,40,0.8368032207390512) (53,59,0.8832190249543371) (5,16,0.8700732173689003) (35,87,0.8909160873206659) (31,1,0.9093999557895766) (44,76,0.8616451333886455) (96,99,0.9086188540549418) (28,15,0.8857411934935411) (83,65,0.9160100631971219) (62,46,0.9277846572787753) (10,14,0.8721894758771499) (26,64,0.8931669342937136) (9,68,0.8949910078739338) (66,69,0.9234243202843251) (65,77,0.8867808487912753) (1,5,0.907922718369193) (43,53,0.8581254895606906) (90,81,0.8864869319513258) (0,94,0.8726022650007528) 
(13,24,0.8978426927505123) (23,44,0.946781936106229) (97,72,0.9050197653995553) (50,87,0.8881718586300271) (88,85,0.8756669082237366) (65,25,0.8986939196182521) (41,2,0.9020231824095055) (50,18,0.9161603599506969) (60,29,0.8781396353875831) (34,54,0.8837682149272137) (66,37,0.9078353920508319) (1,83,0.8897585293231003) (54,53,0.91041820687462) (33,34,0.8858081884675382) (23,70,0.9076626820993009) (34,13,0.890895093939737) (30,31,0.8992394231645185) (8,12,0.8939931546579686) (4,53,0.9207619852422845) (42,96,0.8834538289037389) 
(65,50,0.9276075382320417) (0,24,0.868203363954083) (90,22,0.9231801277658098) (51,97,0.9005063983572118) (55,98,0.9255261993850411) (41,89,0.9059349284263768) (97,44,0.8605855367347782) (61,26,0.9171243751032093) (7,1,0.8928371322137909) (8,77,0.912942342816414) (15,11,0.8984812634769944) (77,39,0.9102745392682127) (95,15,0.9203856988661063) (16,90,0.9020255942115648) (29,94,0.9044000812784465) (77,7,0.8844252791288465) (76,50,0.907455002960924) (24,86,0.8991791998594777) (49,77,0.8687913137407937) (29,19,0.8941858634935463) 
(15,45,0.9045352955403402) (53,88,0.9131786890299202) (99,85,0.8642571559342234) (84,82,0.8962517086576868) (52,3,0.8968294015196107) (25,6,0.921776489899121) (56,78,0.908943253192591) (65,68,0.8496950459963745) (35,95,0.8652993782305998) (41,49,0.925579155802583) (30,29,0.9093886121987934) (64,79,0.937399863963117) (57,61,0.9218414487772968) (68,74,0.8734021831524998) (31,99,0.927122895266827) (8,27,0.8867988458562295) (10,74,0.9206315558600789) (88,87,0.8993722697711231) (27,79,0.9074487536717106) (69,82,0.9100402120363543) 
(34,19,0.8776141755748189) (85,2,0.9161311355552895) (61,37,0.8570430509604299) (54,56,0.9131717592665215) (98,11,0.9139960540363397) (67,30,0.9204719526065379) (40,20,0.8807865173421909) (47,55,0.8900658891759634) (82,45,0.9143013106494997) (82,46,0.9122505555388486) (16,1,0.8909861753903203) (44,37,0.9042328422572685) (87,80,0.8839694538928029) (69,80,0.8939443692702999) (88,13,0.9010236668574586) (46,17,0.9182974596943319) (78,60,0.9372441015836358) (58,69,0.8754202824454841) (29,75,0.9098352118668775) (42,78,0.9047155718965926) 
(98,89,0.8799029321412967) (12,45,0.9029887992678474) (0,27,0.8997170280504392) (88,82,0.8973727801635322) (98,67,0.878581358195765) (75,61,0.8750795706698499) (11,42,0.8889695493488279) (91,87,0.8499520329619036) (8,63,0.8748437043284264) (44,62,0.8691229960251586) (37,16,0.8850909320128435) (44,40,0.8965431020238435) (56,70,0.918517903666039) (32,26,0.9362750178282813) (27,13,0.9001214465517318) (73,8,0.9426159572924595) (72,60,0.8853016493859146) (91,69,0.9138183267772128) (5,76,0.8827320044466735) (60,94,0.897341854554914) 
(31,13,0.8950551504817554) (24,33,0.9099467197990833) (80,26,0.9115087066765674) (59,55,0.9190015420703842) (59,86,0.8700583695063172) (44,66,0.9215081563492677) (17,83,0.9064783913849753) (85,93,0.9164855203378994) (7,82,0.9193071594479999) (37,42,0.9112057822965028) (82,81,0.9342485416216392) (43,19,0.9128811812964667) (62,14,0.9134335413595811) (20,79,0.8841083282914144) (33,43,0.905049175541208) (44,12,0.8881260483218499) (23,3,0.8716544285083425) (88,3,0.9259478254066774) (91,22,0.8797898644900305) (94,27,0.8813135999566146) 
(37,57,0.9059316636659863) (72,13,0.8963083792209469) (98,43,0.9176296203206518) (98,20,0.9141264643094568) (27,12,0.8952071466261844) (25,29,0.9095080907155855) (50,86,0.8837195611476987) (71,95,0.9119376159476456) (71,85,0.8664483671811071) (50,7,0.9267068335591736) (11,63,0.908774821306539) (15,14,0.9164164641562458) (32,68,0.9161423661857867) (27,66,0.9015335404738272) (8,10,0.9263558047315938) (89,34,0.9144616443915088) (18,95,0.8934180930094274) (67,78,0.8895422485237824) (52,13,0.909086506471943) (61,21,0.9057171515588178) 
(37,59,0.8755858129652371) (19,69,0.9057285675071811) (74,28,0.8856793346219191) (89,2,0.9026865437347218) (48,96,0.8676604519769828) (3,65,0.9023003556623915) (66,55,0.923963855733833) (76,69,0.9018502306979478) (86,37,0.9055796522581573) (74,12,0.8725233605261176) (44,32,0.8621092896998828) (81,22,0.9375596444689959) (3,89,0.8789165471867219) (66,28,0.906313461850547) (50,0,0.9053011037089689) (25,11,0.88732073753719) (28,20,0.9045773418693788) (18,82,0.8789773372133252) (89,30,0.893230727835489) (5,59,0.9173535041371728) 
(23,14,0.8738262301110548) (97,93,0.9439447462102701) (33,26,0.9058732759551651) (37,69,0.864603701161028) (71,48,0.9240734997918999) (89,3,0.8781556402942774) (75,17,0.8874999597144829) (29,50,0.9094175440619029) (80,27,0.8928351554368743) (98,45,0.8440615919019692) (91,35,0.8814132403674247) (17,90,0.9083037657533447) (89,34,0.8840490050591236) (53,23,0.8971419454301706) (85,26,0.8856416084395701) (88,46,0.9022144272007723) (4,89,0.8984302451397761) (62,77,0.898133240373316) (55,87,0.8590894994516812) (32,88,0.881474776834791) 
(74,78,0.9161297005606414) (77,11,0.8859068743685827) (88,89,0.8888899600262786) (73,54,0.9140490093029421) (34,10,0.9362035949151484) (48,53,0.8951848944936641) (16,45,0.8878476138319353) (92,42,0.8989952482300715) (40,96,0.8972077420569131) (37,38,0.9270847521001414) (52,57,0.8744630656056088) (68,70,0.9287299492734328) (48,92,0.9166003831128972) (76,46,0.8527662895397503) (34,18,0.8898444241122395) (23,8,0.8818031124314528) (76,33,0.8946695606827304) (33,36,0.9403770675531636) (32,61,0.8746287773662739) (61,37,0.920569609097837) 
(65,42,0.9235397017561587) (69,62,0.8956669110687118) (14,81,0.8920513793632088) (65,97,0.8829116439259204) (10,54,0.8574279016325219) (2,15,0.907663906665025) (67,74,0.8525552670227861) (63,66,0.8783037440003678) (77,63,0.8879730338544194) (49,26,0.8910210649243446) (52,94,0.9262637895080806) (69,82,0.9111733634473347) (3,0,0.9082087512111293) (52,6,0.886916322868999) (39,50,0.9246376161408909) (73,36,0.9159049780271052) (57,95,0.9424916864832172) (20,69,0.8919864220872121) (84,93,0.8704856884033697) (16,69,0.8859153379906387) 
(12,78,0.8791958576540653) (6,59,0.9025573319632486) (48,6,0.89402377762544) (63,40,0.9257160253664468) (82,28,0.9185049257469311) (55,71,0.893724748484277) (74,21,0.8906584055571957) (20,77,0.8920171504364613) (75,67,0.9156670785343659) (21,75,0.8628614935702131) (94,55,0.8859156499468821) (88,39,0.8647259096684746) (59,31,0.8616160829716417) (3,91,0.9010733760316463) (81,21,0.8587908542436545) (37,98,0.9036495645171727) (49,48,0.9251801724961717) (9,89,0.8786658497799995) (58,91,0.9154168532298432) (35,19,0.9058453275828217) 
(33,71,0.9632036558106318) (34,12,0.8974697018785909) (42,64,0.8851001751776015) (27,93,0.9099794785895505) (40,90,0.9061227673582463) (81,41,0.8618005890002439) (28,59,0.9170251745059397) (44,7,0.886340440904479) (95,93,0.8727316706035801) (33,54,0.9446339744190871) (33,6,0.8861617117678738) (79,42,0.9114914442608695) (88,85,0.8868279131732006) (51,54,0.8884876706470038) (91,53,0.946296280868516) (28,75,0.8882686977182833) (19,93,0.9188095160455193) (78,82,0.9217709228236755) (29,77,0.8551347049777147) (15,21,0.8978558696018603) 
(42,11,0.9021356564549642) (91,80,0.9174941934041416) (32,41,0.9015396699255682) (61,47,0.8857137355825223) (15,89,0.8819830316604373) (38,36,0.9248449527957925) (20,79,0.8951832404366015) (72,28,0.9256186923092036) (99,29,0.857483530603538) (62,24,0.9182599342376546) (77,66,0.9130713829719597) (27,73,0.8810999281162433) (53,66,0.8879698454908515) (29,20,0.9039861378048288) (86,30,0.9021575764421377) (12,80,0.9331029706559248) (71,14,0.8953878014055259) (32,7,0.9052099246073344) (29,73,0.9162458165630389) (80,14,0.8889295227725655) 
(80,71,0.8938446344295761) (77,81,0.90534643023486) (8,39,0.8969668119287066) (21,97,0.9031405027803978) (49,3,0.9193144670726223) (67,91,0.8833111165069946) (96,30,0.9041460351597022) (85,26,0.9054661856538829) (18,82,0.9002961233925856) (40,61,0.9021982457107661) (30,17,0.9435794874927962) (16,22,0.9116456888998854) (91,2,0.9069693231087896) (41,7,0.8917476654467011) (25,23,0.9295753780946808) (77,51,0.9052497319432937) (76,26,0.9190304272137422) (59,24,0.8706584853217215) (0,6,0.897922709020493) (29,49,0.9047617366578582) 
(11,59,0.8975001714028623) (10,8,0.9125473218138433) (73,79,0.9041336272812021) (78,59,0.8833416636813971) (43,38,0.9065765026992121) (52,54,0.8968900742453835) (39,63,0.8997374884798545) (88,20,0.9273340440833773) (45,5,0.8968322520855467) (49,29,0.8896518597790838) (39,87,0.8905654084968907) (17,96,0.8852747222972338) (65,74,0.9247584904476118) (28,72,0.8806410779977248) (80,18,0.9163433426611111) (77,76,0.8864322584694283) (23,53,0.9027340595466482) (34,38,0.9199991921704865) (68,26,0.8911633201580303) (22,46,0.8984472856436156) 
(16,30,0.8578534306889537) (35,9,0.8931963137728623) (75,87,0.8963791661629259) (10,7,0.920248042640031) (37,58,0.876427222486909) (2,68,0.8848386460631512) (36,93,0.9138604846484852) (71,29,0.918713968083672) (11,76,0.908576828468149) (6,57,0.8727353969205135) (72,84,0.8810756459319904) (10,39,0.9195707617789276) (21,5,0.8730665425727997) (23,89,0.9075350241840404) (88,32,0.9280257813583775) (63,53,0.9290776679670927) (98,45,0.9161493384338104) (46,0,0.906416628578293) (10,21,0.8951704015320721) (19,70,0.9136699544172365) 
(56,0,0.8758702463949546) (87,44,0.8948678207411495) (5,71,0.9290327042518092) (91,25,0.8932091067957444) (19,55,0.8909676492980203) (56,37,0.8901436165196396) (27,49,0.9030113067911698) (14,8,0.8866659253601977) (85,70,0.8781160404638003) (42,54,0.856606566649218) (27,14,0.8606455694433873) (21,61,0.8796064615761873) (19,16,0.9108156340870999) (41,20,0.9122169318449013) (58,29,0.913133916213293) (15,4,0.9550750378040511) (83,13,0.8932879284028014) (84,83,0.8845917041733964) (15,68,0.9149621558903267) (3,59,0.8794246162560113) 
(11,83,0.9168277008976782) (95,7,0.8990030719198557) (23,74,0.9473773455836378) (18,19,0.9157346327579238) (78,62,0.9193990757568907) (25,54,0.9039139404436751) (47,28,0.8641936317173491) (9,77,0.8841447741301399) (45,95,0.9316336447054637) (14,5,0.911472047631207) (51,32,0.8508377359242518) (55,7,0.8933665891526799) (6,49,0.873953415540356) (36,29,0.8633354461742896) (46,79,0.8841799921198357) (32,49,0.9442174424250895) (31,72,0.8870391037624484) (80,19,0.8900905596204421) (50,81,0.9161210474872831) (71,97,0.9363951847452817) 
(8,50,0.8864678376418582) (69,54,0.8617372014238873) (84,90,0.9084421081351466) (32,96,0.9055634354696361) (22,65,0.8723719393405471) (58,49,0.9126508712690997) (99,68,0.9262594468350166) (53,27,0.8928522972138507) (58,6,0.9030887659176564) (71,70,0.9099471912247342) (9,60,0.8557833416151539) (11,13,0.9167489706188765) (98,21,0.920159998780925) (13,52,0.9331262058414941) (1,77,0.8820566961897613) (38,30,0.8907400549802212) (23,91,0.8711207376602993) (52,61,0.9334159667820018) (79,56,0.9266418198735303) (62,37,0.8851468182898977) 
(43,55,0.8663246431508058) (83,61,0.8802214782209179) (88,81,0.9034664973016476) (15,16,0.9031361871198573) (1,92,0.9264262809754392) (99,6,0.8789204807737304) (20,0,0.9181335165989192) (50,35,0.875212733422111) (9,98,0.9141669926428192) (64,55,0.910313690197184) (59,37,0.9296177006755335) (11,70,0.8844957310184668) (7,18,0.8996835429362439) (80,54,0.9132159088202787) (0,74,0.913283301672789) (11,25,0.892513857784887) (65,18,0.91387947482718) (22,6,0.8959220033925341) (20,43,0.9311636894872564) (93,20,0.8771701493897529) 
(35,45,0.8887714589767861) (36,46,0.8737649143879639) (14,58,0.8572904359452856) (50,63,0.9124119545273661) (71,92,0.8911335242049516) (52,3,0.9146721833174075) (93,27,0.8761416373673383) (45,10,0.9279418749233461) (96,0,0.90511404595021) (31,9,0.8800209097580255) (41,16,0.8924221198632631) (0,12,0.8920906655522794) (35,86,0.9400490114989248) (70,14,0.9269897021141367) (77,10,0.9067486967435734) (25,28,0.915590049924776) (95,89,0.8903058614715428) (40,89,0.9389220607330742) (7,49,0.8889716339238065) (96,36,0.8843531483800086) 
(64,56,0.9153417042296376) (28,19,0.871335083914702) (71,79,0.9346574747818506) (73,13,0.9319389982779634) (98,63,0.9014936941092637) (22,53,0.9268252053085541) (87,83,0.9338317017811626) (96,13,0.8793345320061179) (61,41,0.8923851590965288) (7,36,0.8710189142380725) (23,14,0.8968990391882753) (45,17,0.9269998744871862) (82,29,0.9032100131740264) (41,25,0.9311894472192591) (86,21,0.9072384961886591) (19,86,0.9075564469553743) (20,3,0.8782518009797292) (90,82,0.9426423766095962) (56,62,0.8785058850609261) (24,75,0.9347678735723606) 
(45,19,0.8743913183199907) (26,99,0.8934762438890013) (89,60,0.9099501351673468) (21,66,0.8925599824347588) (54,60,0.8947234747428119) (26,29,0.914104245669427) (69,10,0.880120447819242) (47,31,0.9314146838850388) (37,30,0.9174176990019619) (42,80,0.8889337412294258) (90,43,0.8873739902671822) (68,55,0.9063597717611945) (87,69,0.9332318623043969) (50,2,0.87941730189803) (12,87,0.892298348429104) (94,88,0.918541925010824) (64,10,0.8888114190487423) (63,16,0.8907493372029168) (51,95,0.9160732995100566) (52,76,0.8923190952717733) 
(94,26,0.9233093473643904) (64,0,0.8944597357403501) (69,48,0.8954092665852852) (6,34,0.8764579598005258) (56,19,0.8995801198053541) (26,17,0.8900761790297887) (80,70,0.9203962913596061) (39,54,0.9081627202474631) (5,98,0.9300764353046661) (19,21,0.9186515122971312) (7,28,0.9138873745956785) (77,25,0.9180579847725399) (45,92,0.9228465600473422) (25,47,0.8829910956939243) (61,51,0.8879444091728352) (22,56,0.9087220689203813) (73,68,0.8798730735487866) (45,50,0.9147554995418374) (57,23,0.9407355087428927) (83,17,0.8944476627082776) 
(21,74,0.8705117115574975) (72,83,0.8710436634615394) (38,36,0.8951103252587606) (2,72,0.8723173431575669) (77,43,0.8824738727007706) (96,18,0.8819210335985387) (64,87,0.9422857657724458) (75,13,0.8662908165866428) (92,93,0.8958997448094147) (6,78,0.9089445824726893) (18,60,0.8986944931812277) (37,8,0.8913774112168633) (81,24,0.8807669459718427) (29,98,0.9070685895096623) (3,38,0.867021326781713) (9,46,0.9060825698707659) (52,10,0.8914507781228465) (9,13,0.9024256908513315) (93,23,0.8978651289766122) (89,46,0.9114236762572498) 
(84,90,0.9008318744224731) (0,48,0.8978469057003077) (84,86,0.8923739448220003) (89,48,0.8621823982845471) (95,91,0.8744219663316019) (50,79,0.9019505694472187) (6,54,0.9162451647297374) (3,91,0.9168217198989751) (10,67,0.9214356500331369) (61,6,0.8989809964181853) (62,56,0.879687094827759) (83,56,0.8825458483123708) (74,42,0.9019402861698638) (9,53,0.9148379251801578) (82,89,0.9086769841508584) (75,21,0.8937978334848418) (78,93,0.9169333675612521) (67,59,0.9386419054582859) (79,4,0.9152580547926189) (61,60,0.8785425839939279) 
(96,85,0.9005484821830128) (35,28,0.940397303595945) (8,25,0.9015289316773819) (87,33,0.8823299107666317) (29,4,0.8986611044842238) (17,37,0.9351458207644595) (1,92,0.9154567429256578) (42,15,0.897743656155755) (2,19,0.9183747926329185) (22,6,0.8951837318290722) (3,67,0.9139893642574781) (24,94,0.9128960309930596) (54,45,0.902188661486415) (68,10,0.9482003820683398) (4,56,0.912204209990907) (46,9,0.8810360277382624) (37,86,0.8999893030527172) (14,65,0.9064282699817858) (57,89,0.8763985754665946) (85,94,0.8941487791143864) 
(8,25,0.9278517098299875) (21,16,0.9221398212864552) (8,58,0.9067852757422888) (61,34,0.9021065853084331) (66,95,0.878629179673093) (18,98,0.8876896117556216) (68,59,0.8949511046191122) (33,61,0.8612708678668255) (92,52,0.8933242468331271) (98,46,0.9420103949760581) (8,59,0.9037914536262502) (87,34,0.9197784130815937) (24,98,0.8905962668630112) (28,29,0.8885648636097151) (18,95,0.9120804607949989) (36,91,0.9343836166648705) (14,16,0.8924663186118433) (40,3,0.9027589849355495) (10,39,0.8984870582218185) (16,68,0.933467767928361) 
(92,16,0.9121070211958444) (25,49,0.9204426458187658) (76,74,0.9299452788447019) (85,97,0.8869333444497187) (67,95,0.8777387914740091) (30,83,0.877861801001754) (9,62,0.8893762123502612) (73,62,0.9086657670228687) (31,26,0.911665645594492) (86,11,0.8914074449274025) (5,6,0.899383530917941) (98,52,0.910595208216016) (61,5,0.9355943700888548) (92,63,0.9234210039339799) (25,26,0.914695486062607) (53,44,0.9173991277366235) (91,79,0.919865914832366) (91,27,0.8919768023835908) (5,57,0.9122410305055858) (81,48,0.9327580608854357) 
(9,19,0.8779396800986313) (73,70,0.8915638862395292) (16,79,0.8857217663733942) (54,48,0.8789553763651952) (20,0,0.9316258820207279) (78,68,0.9245267875746078) (73,87,0.8926818030373286) (19,59,0.9364891262002359) (2,49,0.9187018426362462) (23,33,0.940970805235138) (22,81,0.9200632226433402) (47,7,0.9112479546669121) (24,97,0.9067421114313908) (35,53,0.8564140481932665) (12,88,0.91573539551269) (31,2,0.873705775667675) (37,15,0.8787452758345524) (87,78,0.8849850794215546) (0,70,0.8853074047644145) (78,6,0.8716114977381964) 
(2,43,0.9328862092992645) (33,4,0.8723092638320216) (30,60,0.9252256897218836) (81,66,0.9249907851262053) (12,69,0.8623425694858239) (0,21,0.8921523879840384) (27,94,0.8913803444842079) (64,44,0.890449247973306) (92,58,0.8697196711593232) (30,89,0.9234784548393131) (8,62,0.8616413509085267) (18,56,0.9236893893718222) (54,0,0.8959879155875857) (38,44,0.8911689755204418) (3,81,0.9353775327752079) (29,66,0.8959358033324482) (95,15,0.9305578496591468) (59,74,0.912224287053212) (27,10,0.9331060409607463) (43,8,0.9101228843596276) 
(30,42,0.915406477627477) (83,44,0.8952354786084409) (7,60,0.8989071623466423) (84,19,0.8626562200855915) (34,91,0.9129333302172201) (27,95,0.9136913146568099) (54,31,0.905023220360666) (44,15,0.8905558815820618) (48,74,0.8869053534206468) (88,1,0.9113368905586425) (7,61,0.8967369911372262) (95,4,0.9167492245491062) (30,68,0.892063186285781) (43,23,0.9116132414674433) (80,42,0.9263113113274402) (10,12,0.9446466093978915) (53,79,0.8974439253922556) (62,78,0.9502570675871361) (17,58,0.8996829906254171) (76,18,0.890312913397914) 
(47,60,0.9152432190624912) (83,45,0.9216993733155782) (15,45,0.9369069010571812) (64,87,0.9157353505703679) (77,17,0.9034480455869678) (60,59,0.9049592290226972) (97,17,0.9074565911771543) (77,62,0.8882555057483305) (97,49,0.8515080291140144) (16,65,0.8647375054279689) (85,31,0.9240786151219305) (35,0,0.8936991185905894) (76,57,0.8933802641797186) (3,23,0.9113191481343482) (25,50,0.8915606942786545) (5,83,0.8823478490118404) (60,96,0.8892751861325251) (87,47,0.8890055951307563) (87,52,0.91583809077085) (98,15,0.9362637478237309) 
(12,42,0.8832656169318661) (62,52,0.8979764193192055) (36,89,0.8772996658473724) (48,53,0.9086149351525126) (25,98,0.9247861726112501) (56,14,0.9131269020024714) (65,37,0.8851453516430333) (73,80,0.9045939716969141) (23,32,0.8875380492905175) (99,29,0.8912472721137851) (32,89,0.9146897202253662) (5,10,0.9069995285190628) (14,23,0.892873659007893) (2,10,0.9135509135961558) (58,13,0.9271345224992265) (71,9,0.9036354832923329) (37,71,0.9271985328557226) (66,61,0.9152376944336911) (29,9,0.873948463636049) (43,13,0.9276177716722044) 
(84,54,0.9205565864695153) (79,23,0.8793131104793727) (25,16,0.9079394074623376) (99,53,0.8639507238955378) (5,80,0.8981514436865274) (66,15,0.879018527167624) (70,57,0.8919116764840403) (35,41,0.8919104874891473) (14,98,0.8746617765493021) (76,83,0.8926511850138379) (42,80,0.8928504415492822) (37,70,0.8987925721595125) (78,9,0.9003276702191179) (34,72,0.8932022141179502) (3,63,0.8885597895642041) (71,91,0.8944877278293472) (64,41,0.9076010091613685) (57,73,0.9145002432500303) (27,99,0.9141906885612341) (87,24,0.8541444721432481) 
(12,18,0.8937176446060604) (42,67,0.8962175052181484) (38,57,0.8981648078139995) (19,16,0.8902549945384252) (16,69,0.8705504797602548) (32,35,0.8756624208386848) (4,9,0.8932472112517886) (11,60,0.8800516044389413) (58,12,0.916969961131698) (79,58,0.9202804319236092) (63,81,0.9190479748270698) (85,20,0.9198040866980182) (89,5,0.8856062887894148) (34,85,0.8799582247482729) (56,51,0.8947282755520304) (18,37,0.9011929569602779) (27,16,0.9190353294986097) (34,4,0.8914589013426572) (71,1,0.8980220572576323) (28,52,0.9142943149153299) 
(92,38,0.8914032373843602) (39,46,0.917660621707605) (84,91,0.859036676400081) (21,26,0.9235302773643577) (80,98,0.8722972177845931) (65,66,0.8942490666443588) (21,73,0.8617552980385195) (0,6,0.8983048632783524) (24,64,0.9143323560502548) (0,92,0.8973719798006883) (9,38,0.9052901427208271) (54,53,0.9325412315101058) (33,51,0.9052918123122782) (15,78,0.914769046815478) (28,59,0.9230265779485898) (32,98,0.8709907702013912) (1,6,0.8817712415334404) (64,75,0.8722317255631514) (74,8,0.9014014925316217) (7,65,0.8879006620440969) 
(7,13,0.8954258834323247) (53,16,0.8932270625039994) (15,1,0.8818607534657789) (60,81,0.851990657958783) (45,80,0.9122062759659924) (27,26,0.8698206395191652) (16,76,0.9375182912042495) (25,48,0.8776837390158935) (33,76,0.8872980865055204) (31,29,0.8845094521763932) (0,31,0.8991205929150586) (24,58,0.921076564787896) (66,37,0.8970810084464509) (91,83,0.9160105074969266) (31,33,0.9006339334707009) (38,95,0.9258622078903744) (20,93,0.9044458975612369) (88,5,0.9139861237512759) (51,33,0.8925647096569075) (81,23,0.9074935616507375) 
(21,59,0.8916279415679637) (8,6,0.8994891631996235) (44,1,0.8573107116956737) (78,36,0.8526629438542997) (31,23,0.9231429724452281) (38,57,0.9142863433608766) (73,59,0.8950584758703967) (99,2,0.9046191909171365) (67,19,0.901441112282291) (83,92,0.8835209525320459) (59,33,0.9090942072155128) (35,43,0.9243440138535096) (18,71,0.8790028445453293) (43,26,0.9133436639730914) (19,87,0.8867970460936144) (87,27,0.9011674643810985) (13,98,0.888466720232598) (3,61,0.8966682327378894) (31,68,0.8656719438321394) (84,57,0.9119484307211161) 
(69,44,0.9228271428183309) (36,97,0.9174987902590309) (36,9,0.940649186417371) (72,89,0.8743495430477288) (40,28,0.9136572964006606) (13,25,0.8860294262002488) (34,5,0.859360315960148) (42,67,0.9089333570375688) (11,82,0.8858563735811498) (80,78,0.9132678878316716) (16,34,0.8916622844591457) (6,82,0.8857775700655115) (55,96,0.9032897495149029) (18,36,0.917962423891672) (59,55,0.8861713212636626) (14,52,0.8971334142633411) (81,43,0.8786706976416943) (22,12,0.8770692345458564) (51,30,0.8868566701339802) (24,5,0.8802791989559539) 
(51,95,0.8907445319796081) (5,23,0.8839234825435436) (27,30,0.8893227166828293) (62,52,0.9159055310266835) (67,94,0.8490515398524465) (32,67,0.8795524500819378) (88,75,0.8927160165925222) (76,81,0.8875732453354092) (42,26,0.9137722471781765) (51,65,0.9128680180817681) (82,55,0.8705777901847046) (34,89,0.8758518252931097) (83,59,0.9196953729199508) (79,57,0.9289104639327782) (89,93,0.860311690336648) (32,3,0.9036256900374499) (52,38,0.9084267959606006) (69,5,0.8833402987530251) (29,93,0.8970101560319167) (28,29,0.9222301543320272) 
(66,76,0.9039735257929048) (41,86,0.9509742801597241) (4,94,0.9191204349716559) (49,54,0.8953018942174997) (64,55,0.9074016445712814) (75,47,0.898254235974168) (65,47,0.8805503465143231) (61,84,0.9040735121975788) (92,31,0.9099698304970731) (44,6,0.9366268214345552) (99,57,0.8746570905085783) (49,24,0.8758743826176183) (21,13,0.8997589988820108) (87,18,0.9013993180925012) (0,57,0.9080874617270467) (42,86,0.8929168838565597) (90,72,0.9221726992327255) (71,37,0.9190748273337699) (72,67,0.9138453797750805) (23,83,0.8929236943002162) 
(4,38,0.9425068548248724) (87,26,0.9055297381869144) (94,36,0.898612965084983) (53,8,0.920706259740107) (47,91,0.9201336097217239) (68,40,0.8662156983409498) (35,40,0.9198207152646467) (79,85,0.8844463008894572) (97,36,0.9116585589812732) (26,20,0.9429360895786483) (90,26,0.9148388501730423) (61,43,0.909929292333479) (4,8,0.9029688815127388) (54,10,0.8787030990458224) (85,58,0.8944530181537086) (74,46,0.9127685437784228) (15,76,0.9117880211271044) (54,9,0.9216004636861338) (44,7,0.8769542964561831) (97,38,0.8893839687031585) 
(68,39,0.8916145811555548) (1,21,0.88191305819481) (57,20,0.8944368099054786) (23,22,0.8882295924406386) (32,7,0.8993873235258634) (47,18,0.9217123161688335) (57,21,0.8730398561852544) (38,97,0.8858018819188933) (42,82,0.8865195105078633) (73,39,0.9192865206729632) (22,58,0.8690892479543768) (48,93,0.9017662813354038) (78,3,0.8917414993391309) (77,2,0.9373531093170793) (41,21,0.9360721391352711) (9,10,0.883326495590206) (8,87,0.8966250532852259) (47,70,0.9071694902623972) (95,47,0.8975325756530691) (11,62,0.9299031129970636) 
(32,64,0.9060470292093924) (13,55,0.91551073024727) (0,81,0.9376688229782888) (57,56,0.8766086695264906) (5,40,0.8723043282708661) (78,22,0.8836799922558233) (50,40,0.8908486838039782) (15,43,0.9199839704143995) (56,14,0.9085244413295072) (1,45,0.8981138406838158) (34,92,0.8564775180955769) (84,68,0.9040206423578203) (15,83,0.9101184148098715) (96,18,0.9100305775035088) (29,58,0.91495050677035) (89,3,0.8990490454123106) (4,92,0.8925962845263723) (30,75,0.9160996868559016) (63,39,0.883948610789326) (15,76,0.8789009788640606) 
(16,30,0.8772073896902984) (3,42,0.8857212880053971) (20,74,0.873253564515853) (57,4,0.8942011232796696) (79,25,0.9074768928044847) (94,4,0.8732354620942845) (47,75,0.9305622565605856) (99,14,0.874345943099616) (13,81,0.9175253232282522) (4,82,0.9074227272479171) (31,3,0.8772937102248762) (80,20,0.9231007623277033) (94,0,0.8760087364906389) (27,54,0.9134424077110423) (22,74,0.8739833350860248) (43,56,0.8910172477976526) (70,41,0.8998938842746121) (25,28,0.8914283973404105) (65,86,0.947286354346823) (69,70,0.9192423943166406) 
(3,28,0.8901700716067876) (93,13,0.9060008951533466) (73,98,0.9076394958384684) (20,38,0.8487603386317563) (4,98,0.9090216645683328) (18,14,0.9013764033160281) (13,82,0.8962438116073047) (32,82,0.903520493391513) (72,69,0.901142205972397) (40,69,0.8833990874930476) (39,42,0.9095460586617374) (36,74,0.8765452135542887) (22,10,0.9013100131559901) (44,35,0.8639651020597137) (73,8,0.9146476556935761) (60,44,0.9104189384689755) (14,23,0.8636454906594554) (98,52,0.8985431367465831) (48,37,0.9181783616859922) (91,3,0.8821542669924665) 
(74,14,0.9224744715641348) (43,64,0.8921792859799641) (3,49,0.9263554431039149) (21,31,0.9003010885994921) (12,34,0.8960747478106109) (58,88,0.880089130392389) (53,2,0.94962388515565) (48,21,0.9107000364099103) (48,80,0.8756461333383452) (62,25,0.9190398233952994) (67,97,0.9298662729278305) (10,19,0.9231392514179116) (48,27,0.8888174096542619) (36,81,0.945970011202836) (2,9,0.9093190251974224) (6,28,0.8643784435288508) (15,35,0.8741724101171933) (83,78,0.8836111665731371) (2,96,0.9058516151825338) (10,41,0.9034986514681707) 
(2,80,0.9152178141063781) (8,30,0.8761836068541583) (57,70,0.8918042372065623) (41,71,0.8933993591433151) (15,32,0.9148923609187427) (14,39,0.9151220437959035) (81,51,0.8993331610861988) (80,73,0.9001558460943019) (49,74,0.9067102833770329) (69,45,0.9031645202101763) (17,45,0.9064244836821466) (29,44,0.888359707469523) (16,89,0.8606343606645661) (87,40,0.886647166315872) (81,59,0.930982319236062) (30,54,0.9177816763139073) (90,86,0.9057750004509424) (29,90,0.8867025926323926) (93,17,0.8638712132550872) (91,49,0.8982222449187165) 
(88,30,0.9133014866737273) (94,6,0.8810808983688455) (75,34,0.8804481017351516) (4,63,0.9171303411143198) (99,44,0.8807488754468871) (36,6,0.8984040496075246) (5,6,0.8870592648211106) (21,34,0.8707335038702464) (30,46,0.9180639473278611) (6,53,0.8825157315259462) (20,68,0.8910671176145729) (44,35,0.8919334898132888) (41,56,0.8943907146325537) (24,61,0.8955415049548665) (61,73,0.8758607489485198) (9,84,0.9262990614860622) (35,91,0.8836704425797585) (86,20,0.9094931657080408) (42,71,0.8658017744257033) (66,1,0.8912755075802007) 
(58,28,0.9125349290980413) (97,21,0.9190096159591599) (62,21,0.9241186788261432) (16,18,0.8763230340885393) (44,39,0.9177572522192732) (92,90,0.8680383889568934) (37,1,0.8846178075739436) (84,63,0.9275357471410196) (53,26,0.9153885146191311) (46,13,0.9050614963541005) (38,96,0.9112080337821854) (21,95,0.9325250675073026) (94,5,0.8893719338571917) (54,89,0.9310682198483132) (41,69,0.8859116572407911) (48,32,0.8851957071631418) (62,24,0.9025265113232188) (48,45,0.8842346124021022) (76,11,0.8596271306159063) (53,30,0.904041780541082) 
(66,24,0.8941344459335797) (24,53,0.9308481869911526) (5,51,0.9622773375183403) (21,96,0.9063114977632015) (74,55,0.8879813702163089) (62,73,0.8770587228947622) (98,22,0.9124736668603348) (91,29,0.8900317805042538) (35,42,0.8975030126941734) (1,97,0.8988504587902435) (24,93,0.9082975252315141) (65,43,0.899219392071473) (24,33,0.9114273968996205) (13,10,0.9121799048541914) (78,92,0.8944364992268505) (26,3,0.9357796039268752) (82,24,0.9023845415306826) (24,77,0.9030615512700048) (1,2,0.9230616835900115) (73,56,0.8966359636072139) 
(31,32,0.8809915954194779) (82,78,0.8966251811904274) (87,62,0.9269472701993932) (46,91,0.8975299151884196) (75,44,0.9028557856557817) (86,49,0.9149300464557318) (86,23,0.9263047595163734) (17,36,0.9374251674154445) (6,46,0.883775539083612) (73,33,0.879367736218798) (81,65,0.8890930654852763) (14,89,0.8846497382386324) (88,98,0.8993163305463359) (22,26,0.885082722734989) (48,79,0.9328245287970997) (42,9,0.9113687516893885) (21,51,0.918724733742251) (48,6,0.8776710730504265) (85,45,0.9376680495052808) (83,32,0.8869470254854953) 
(46,20,0.9354489445436189) (44,50,0.9185269766721429) (41,61,0.8822019529893775) (98,71,0.8879112418579662) (97,39,0.9027090637404352) (40,72,0.8898957527951626) (46,17,0.9539039249194513) (95,7,0.8834463580151223) (11,20,0.8959083701407118) (94,33,0.8826381028786406) (66,16,0.8884256087142663) (27,21,0.8940778868678331) (94,70,0.9357048895701302) (29,57,0.9025734515066529) (42,4,0.88354446080893) (40,33,0.9046019574569644) (96,45,0.9225995263029424) (85,21,0.8994451864021876) (88,4,0.9321897944525037) (71,40,0.9136468126574997) 
(84,27,0.938603089993532) (48,67,0.8808708063192138) (55,26,0.9069261059535266) (52,24,0.9399439867944975) (74,56,0.8944910112367811) (8,70,0.895113279247602) (87,92,0.9013312491463259) (37,79,0.9354602815841183) (81,0,0.8778756693798946) (42,68,0.8854434230346562) (25,60,0.9251558369051693) (45,78,0.9209263290213495) (26,30,0.9058682073763821) (10,84,0.884613937330992) (43,73,0.9028669533969854) (49,22,0.8928119587880747) (4,69,0.906355294811506) (20,85,0.8942789024627954) (74,80,0.9038981431664381) (71,43,0.899003349089029) 
(33,51,0.897665349865032) (42,13,0.8829373441102935) (99,32,0.9052370877604609) (51,58,0.8722993757852199) (76,48,0.9026433357987234) (9,81,0.8745788809391655) (31,85,0.8896283245928635) (94,85,0.9349824392871281) (42,4,0.8619284924048083) (7,27,0.9023121318560582) (44,5,0.9415612372965171) (28,99,0.8883771771623895) (12,21,0.9191547989026263) (68,64,0.8868877850791261) (77,28,0.9298102220982164) (80,20,0.8982823299373766) (42,89,0.9132292416405446) (35,92,0.8921937167388833) (36,96,0.9229760064869984) (56,55,0.9095457574260737) 
(57,29,0.8767797550988141) (10,85,0.8857402014586381) (75,31,0.9147394533316938) (92,18,0.9032605089032695) (63,21,0.9517767816742612) (10,90,0.8926941791588497) (48,38,0.9244885517108884) (41,21,0.8995042955519743) (37,54,0.8986294753606834) (42,1,0.9019290987662689) (50,5,0.8870027695325763) (34,59,0.8774062630367558) (69,83,0.9054140639159187) (18,53,0.8703713639466392) (71,96,0.9277772126830577) (65,48,0.8916173225634814) (89,20,0.9171520046342431) (0,98,0.9069392630719398) (19,2,0.8481308088014937) (56,57,0.9225086038689013) 
(62,3,0.8863845531996141) (5,21,0.8653530873528127) (77,50,0.9204813131769494) (58,4,0.8829397418544498) (76,17,0.8893385395109016) (37,88,0.9350856005218575) (82,21,0.9154811756549303) (43,69,0.8849888031970631) (58,86,0.8784941102045015) (96,80,0.9024850737484307) (10,96,0.882062031106928) (21,51,0.901790756453576) (95,44,0.8932781448891314) (4,88,0.8603201782516695) (83,26,0.9284007587607022) (9,29,0.8967761712672361) (94,80,0.9339182294638405) (28,13,0.8953522406059654) (39,13,0.9421522074247485) (90,78,0.9552500967260175) 
(3,42,0.9032978950933875) (75,50,0.9060938871518894) (59,36,0.9118487764450274) (15,0,0.9114206438812394) (58,52,0.9213347641586104) (45,98,0.9082150699365316) (22,53,0.9106651627856117) (86,59,0.9043299120355219) (99,59,0.9083898222719569) (88,6,0.8855210469597437) (58,10,0.8635034599023341) (47,2,0.9124898779502316) (70,63,0.9177685596038371) (90,40,0.8987762720267463) (11,29,0.8725144591583702) (23,10,0.9199921711539238) (28,82,0.8981417433285048) (58,40,0.9186316650392767) (81,88,0.8826773152152951) (94,1,0.9024719191524632) 
(24,16,0.8856710195251123) (19,65,0.895355957158895) (32,87,0.9326315113106937) (1,76,0.8759325543066481) (16,66,0.9126021664447381) (6,73,0.9051537320169758) (83,39,0.8797150953685207) (50,57,0.9151683245529203) (12,26,0.9223395804454719) (32,37,0.9482891879495592) (86,26,0.9001805132321441) (22,10,0.9218522529989631) (91,23,0.8978220801413861) (36,57,0.8728104954304289) (31,22,0.9176677754480798) (95,0,0.9117640753533343) (52,80,0.9090060838553239) (80,69,0.917912998919927) (53,60,0.8789653689690421) (4,96,0.8697798800516288) 
(5,36,0.9068277169642001) (81,31,0.9168058713459367) (14,73,0.8841582456276476) (82,99,0.8843823966135765) (42,3,0.8967094881256181) (84,19,0.89824196102099) (50,29,0.9002834057504631) (2,28,0.880222253379045) (17,96,0.9154978860924209) (55,38,0.9045331419159599) (51,14,0.8957351241278827) (4,23,0.9026061219843239) (22,33,0.9123392743158193) (72,82,0.8785567423134188) (16,64,0.8876219865239551) (16,66,0.9197343903145497) (19,52,0.8838704709637906) (2,42,0.8805978098581971) (32,60,0.8784641161391371) (2,38,0.9086711624887097) 
(0,81,0.9087890227717768) (33,38,0.8838188604773027) (17,60,0.8697432099361094) (47,30,0.9025096893468696) (37,27,0.9059849650889086) (16,32,0.9224025502980114) (92,17,0.9008052156327567) (64,15,0.9203225085476847) (64,71,0.9093654688913486) (48,0,0.8845777039941468) (31,37,0.9087085458761127) (19,26,0.8898695511107638) (81,84,0.8927565020143167) (73,18,0.916480969455036) (0,53,0.9039806690848519) (26,95,0.9147682167881463) (83,2,0.8732483469278177) (61,76,0.9110449668746226) (11,35,0.9126003873601104) (18,65,0.9249181347729174) 
(96,0,0.8552389430147558) (32,63,0.9011322278983791) (35,74,0.9053533778385957) (90,12,0.9205887237096337) (14,42,0.9111557812832124) (34,38,0.9023975658949797) (4,48,0.8832164972093383) (11,0,0.8851643797773643) (77,99,0.9248983930226473) (22,68,0.8944406676905958) (44,59,0.8876239808837354) (38,55,0.917002458693358) (99,24,0.8715007179132851) (21,11,0.8822695535113422) (87,91,0.8771184174363637) (3,89,0.9076909750863229) (89,0,0.9214225035834401) (67,13,0.9059574520769378) (46,72,0.8962560999194353) (89,88,0.8803634881955232) 
(25,12,0.8577899279635913) (17,36,0.8856294016663503) (8,12,0.933257778710095) (43,11,0.910966723252212) (76,65,0.9002885271937163) (11,58,0.8624506921549834) (27,70,0.8765487276540869) (36,7,0.887904678161502) (37,22,0.8769138878888497) (84,57,0.9157910291840383) (83,99,0.8877888702468353) (73,52,0.9049909991377976) (19,71,0.9088089063047826) (15,39,0.9044975175220532) (60,58,0.9185886428064548) (36,50,0.9334811471867642) (18,27,0.9523930607424678) (73,62,0.8957323817706794) (4,31,0.9018672800119361) (26,67,0.9027678322780626) 
(52,3,0.9277421001734871) (49,17,0.8682736513893561) (44,35,0.9398719571929094) (11,28,0.8944200960458655) (56,65,0.8719849969056233) (83,63,0.8907048197385569) (99,3,0.8937277875676498) (53,13,0.8880906150236818) (85,80,0.9024893168562134) (77,59,0.908025626405278) (63,13,0.908276893689519) (12,11,0.8763561893270001) (52,80,0.9129740006401964) (47,82,0.9040623341741686) (10,43,0.8447498197485023) (82,37,0.911720343509214) (21,79,0.9030902190355755) (20,72,0.8737407644338225) (72,73,0.9244138345640768) (67,72,0.8693764922819959) 
(91,84,0.9030774651438354) (79,83,0.929738806845051) (45,88,0.887339149508642) (44,40,0.9056590188016318) (95,63,0.9145260384760264) (89,43,0.9138725299358422) (0,79,0.8599314328875246) (3,13,0.8916402129239657) (67,48,0.8904849846408643) (39,61,0.8914931012826848) (30,49,0.9105150197527802) (73,40,0.8666398962999569) (8,96,0.8933006412933443) (74,1,0.8978914373850703) (90,84,0.9109649297443035) (79,52,0.888161417009322) (96,11,0.9061708995589902) (29,67,0.9151329997026121) (18,19,0.9149012179868644) (17,87,0.884963509351292) 
(22,52,0.9100204725332387) (11,43,0.9248367091975945) (17,29,0.8916581849182579) (43,78,0.8954381703007953) (95,30,0.8883265850868011) (72,96,0.906834591006508) (39,37,0.9283807882413314) (28,69,0.8975240025545872) (70,35,0.8763083118684386) (47,85,0.9328278869012256) (21,17,0.9184569463726597) (85,95,0.9207972133691412) (35,65,0.9035682064563024) (21,2,0.8764984151971311) (19,61,0.8906781554366487) (6,31,0.8970139730177401) (20,93,0.9269094279168212) (41,51,0.8761389507302656) (9,51,0.8788088422462192) (42,47,0.9357773516676968) 
(89,70,0.894661133602375) (72,46,0.8755266788441705) (23,37,0.9129322840771447) (11,35,0.9062501397965654) (36,76,0.8869294749993742) (25,85,0.8649000234559632) (94,8,0.9053093696245819) (48,63,0.9128297847239514) (74,10,0.8833638596165075) (89,5,0.9140502469889962) (62,91,0.8883712817902012) (36,25,0.8655263412216626) (10,57,0.9204916683236039) (68,73,0.8877337794758493) (17,31,0.8695911852760978) (93,61,0.9212943602602821) (1,90,0.9078770476286941) (8,7,0.9418907775241809) (20,77,0.9225537402789412) (42,1,0.8767501707993117) 
(44,95,0.9050335657533234) (47,7,0.8810919093569578) (9,57,0.9184628423129394) (92,82,0.8836075711819318) (27,6,0.9157526555362046) (44,20,0.9354245059741262) (42,91,0.8768243388058026) (37,61,0.8863282867828026) (89,35,0.8890515103864145) (6,69,0.8967878572207275) (0,13,0.9094377279223842) (92,53,0.9227045246686479) (5,19,0.9539886239947089) (10,81,0.9075241610040498) (75,0,0.9164116933751432) (92,4,0.8841451004993638) (76,81,0.89825188022028) (0,73,0.9113507902488983) (55,95,0.8864607854421868) (6,40,0.9160131443446571) 
(0,11,0.9018908081301535) (63,30,0.9232788849133624) (82,94,0.8775546937516769) (62,21,0.8824569591255479) (4,65,0.8824754522892252) (3,84,0.8958133395291317) (88,98,0.9004886936772891) (38,81,0.8908272200045525) (41,93,0.9512285224249288) (29,6,0.902198407336641) (95,21,0.8868565915239303) (77,6,0.9231234079812636) (72,77,0.9052977463066123) (41,82,0.9134963467695141) (16,50,0.876913544648073) (65,48,0.886222088451115) (68,11,0.9285137195806952) (74,88,0.9187335652913468) (71,87,0.9279707574825005) (71,84,0.8887856675188999) 
(56,88,0.9221894731828021) (90,83,0.9200334316985482) (3,85,0.8775343508820073) (68,90,0.9209142782564614) (74,57,0.8766630468814625) (53,36,0.936333977188519) (25,24,0.8959102915931041) (36,23,0.9200957310542587) (39,22,0.9100344081726085) (67,74,0.8668909085364193) (99,82,0.9367690878849186) (56,52,0.8861440975077564) (7,92,0.8993270878001822) (38,39,0.8827816201878217) (44,77,0.9081822619192774) (5,56,0.9209691659700169) (33,88,0.9230353921996814) (2,92,0.8895675337335451) (4,75,0.8949596776611118) (27,63,0.8839837652918989) 
(94,19,0.8869746161268274) (19,55,0.8788650373975488) (9,98,0.9240072865464215) (24,7,0.8762742252831992) (62,2,0.8777695886827845) (33,58,0.8803624590190944) (3,49,0.9095421389530118) (8,24,0.8973465539150931) (8,18,0.8775128562789692) (5,66,0.9235202564868785) (87,16,0.9012993917532506) (5,29,0.9180963668553417) (86,96,0.897113678768202) (29,62,0.8833515777324847) (89,51,0.8993445781636934) (42,98,0.932678837614168) (78,18,0.9015951977565808) (24,48,0.9140227356714109) (42,19,0.9018765183262005) (70,11,0.9159331725290097) 
(10,88,0.895928213832265) (16,13,0.8913500997330212) (65,16,0.9138913214027906) (38,95,0.8923258452277383) (14,70,0.9269689976929755) (33,35,0.899136339842718) (64,30,0.9205238431475861) (57,29,0.8608778450522657) (76,47,0.8658919356036737) (25,8,0.8827139110121436) (87,95,0.9186067387239953) (12,67,0.9280938623881013) (63,16,0.880910408080669) (9,86,0.9011956441620982) (26,50,0.90780246436428) (46,81,0.9175177901377134) (11,89,0.8780681665916417) (56,51,0.904591808655245) (94,81,0.9479468671647314) (63,46,0.8762878729623341) 
(45,48,0.9061023298555021) (61,33,0.8860293410382376) (2,68,0.9425803776465002) (85,31,0.9143453700414501) (64,9,0.9053636363737834) (1,93,0.8950186116734505) (41,54,0.898863784216187) (89,57,0.8974922536926212) (94,99,0.9067141426018828) (2,31,0.878036996998635) (85,83,0.8687546614329674) (36,29,0.9270506083140677) (3,86,0.9037184542759344) (9,31,0.9281349583738144) (10,35,0.9175059717921543) (25,4,0.9148470945666551) (98,48,0.8746388768515694) (95,73,0.8736304914794816) (59,46,0.9164416330228473) (63,29,0.8862399490890756) 