(37,4,0.7298802134643458) (39,66,0.6952456783850912) (30,77,0.7040099368513537) (64,47,0.6932432485075645) (48,6,0.6402206525109941) (2,86,0.6955555266838224) (0,77,0.7155348528826224) (72,40,0.7035382753999124) (77,11,0.7922773996014929) (57,59,0.6348206371488319) (19,32,0.6625400411197855) (90,19,0.7015323988024145) (88,45,0.6831350965244007) (87,88,0.6825530533484186) (8,28,0.6521005362308383) (98,28,0.6756917736742288) (79,73,0.7311723009184512) (6,27,0.747406754789997) (79,16,0.7789316979270396) (93,51,0.7228477837315143) 
(69,50,0.695440536720511) (8,67,0.8160472071652536) (22,64,0.7393805872488561) (53,35,0.6265627793518234) (25,2,0.6743009316401574) (54,9,0.6728378351269926) (29,34,0.802637133287597) (47,51,0.7690314162700539) (72,65,0.7300642682434033) (96,47,0.7351639510763032) (89,86,0.6973999379507367) (66,85,0.6010666077658744) (79,7,0.749172065011277) (64,43,0.6964846988834182) (42,73,0.6151183233440032) (88,9,0.6113178167563628) (15,23,0.634953579008315) (7,72,0.7792277910660336) (86,41,0.780013490363132) (95,66,0.6969168196261086) 
(38,95,0.7097809545631263) (3,60,0.6812525040661723) (62,79,0.7364364765510024) (60,26,0.6427944660996562) (85,44,0.6998817531837583) (39,45,0.6813973237655264) (31,80,0.7063770030305467) (41,43,0.6647259834765203) (68,77,0.7422490179579764) (6,96,0.7097877130942529) (53,85,0.706711288599461) (13,77,0.72337343852099) (64,86,0.654617731991899) (3,9,0.6804841342157394) (93,7,0.6893592800508388) (35,18,0.7459854602081294) (34,39,0.7175278769629216) (16,46,0.656141102206077) (11,57,0.7630223264016257) (65,46,0.5685148089232341) 
(29,46,0.7814307914856515) (64,70,0.7650886199503257) (82,11,0.72024284597667) (14,91,0.6084216711629292) (46,4,0.6946411938155997) (85,16,0.6698687397692877) (56,99,0.6997587068501724) (46,15,0.7391096198597524) (80,78,0.5846057313630624) (79,60,0.6181584418221953) (14,7,0.743717798950865) (73,56,0.6768625719587186) (45,20,0.7571980478985721) (48,94,0.7197692444774842) (36,91,0.7237915475609021) (39,13,0.663906501269473) (26,29,0.684334683261006) (68,47,0.7269585084445301) (68,62,0.7534116677695282) (4,6,0.6957186662519995) 
(55,15,0.6088954309674048) (98,44,0.706810821354773) (60,20,0.6684170573842692) (6,7,0.7322822680200622) (96,91,0.7288193582946427) (93,9,0.8093276626340371) (18,87,0.7338671612466044) (57,36,0.6767063122656068) (77,12,0.7157869057529174) (68,30,0.7012145916752324) (83,60,0.5945155599095416) (31,19,0.7006385874421154) (73,51,0.7724961792995161) (79,18,0.62961770687679) (47,13,0.7713841787213607) (18,97,0.6606522964982942) (48,94,0.7170979640733384) (20,42,0.6666240732255035) (50,30,0.6993224290348479) (30,57,0.6497030248483414) 
(82,12,0.7303658165460776) (33,39,0.7057661336128941) (62,58,0.7194056050660377) (38,64,0.6669142579403842) (91,15,0.6514210670973389) (37,9,0.7040760203814536) (23,93,0.6846286140219627) (40,99,0.78082490177911) (2,7,0.7115825635023666) (35,3,0.7102608494358893) (52,85,0.6108310560724597) (75,92,0.6616012524816706) (40,90,0.6287698359597862) (38,42,0.7679790564411673) (84,96,0.6558468967266319) (84,47,0.7619864543111041) (26,84,0.7273818594174294) (21,32,0.6646628160408679) (82,0,0.7669042274164943) (92,61,0.6786936196815813) 
(68,75,0.6913880642668041) (26,61,0.7726980207320733) (68,26,0.7624416695815415) (70,2,0.6951000847766007) (19,92,0.6809368818860463) (41,75,0.7595352078761345) (32,48,0.697700251735599) (67,78,0.7335565059711998) (20,80,0.675950854946859) (35,13,0.7094288302235561) (11,51,0.7075826722381958) (61,81,0.6913877857918234) (75,5,0.7568309900488113) (95,9,0.7108124060061469) (86,70,0.6788082394586703) (74,6,0.7325351238777468) (7,27,0.6386620265256588) (55,56,0.6577238202350765) (10,94,0.658774222105787) (52,81,0.6562322706975586) 
(70,84,0.6391264530764742) (75,45,0.8097624889405394) (9,40,0.6179331472264804) (14,54,0.6527605885753508) (41,22,0.7738182824477228) (86,37,0.7065159972272985) (21,24,0.6842414473685626) (2,32,0.6989046276902933) (76,66,0.6654493176435515) (27,78,0.6878260509106924) (68,8,0.6707736415131761) (60,52,0.7215720186744875) (11,0,0.6986133096603053) (56,31,0.718085192790257) (81,15,0.6853900964933045) (12,15,0.7062873013365116) (68,50,0.6364822223844151) (48,82,0.6990567744578294) (17,1,0.7015728652515495) (87,74,0.636765493973617) 
(53,66,0.6399096441247009) (82,17,0.6975399889947479) (51,38,0.6519820925954644) (51,75,0.7075200149989332) (70,67,0.5628166314489539) (94,81,0.7133355738528697) (73,32,0.7526569485566222) (27,0,0.7548430156327236) (11,49,0.7446892450929188) (48,84,0.7100380169910674) (79,5,0.6410655403348147) (29,99,0.6103468401845392) (48,60,0.6749881538105311) (18,28,0.6299909210281096) (23,55,0.7375597767303212) (39,74,0.671971913428616) (94,16,0.6884558853113169) (23,5,0.6550942003342782) (37,2,0.7568150281214951) (84,59,0.7133266140723232) 
(83,42,0.7320099065607706) (70,37,0.715897677118819) (8,3,0.7048180213141979) (53,8,0.7274803886910828) (74,19,0.6938685792652032) (37,76,0.6116450658360572) (0,44,0.6170763184003153) (85,50,0.7080317810979487) (61,12,0.6572913703243293) (75,43,0.7130986528910951) (26,14,0.6181683749224399) (41,9,0.7184122801366318) (58,49,0.7335325260920282) (2,41,0.5961507214078954) (44,69,0.6417472248829157) (92,56,0.6463639063189007) (43,21,0.6459043919859689) (75,93,0.7956876631509133) (28,94,0.694176438317597) (73,25,0.7147353192167322) 
(21,53,0.6861369378137131) (18,72,0.6756827988345727) (52,80,0.6733338131095007) (52,75,0.7782877205343177) (29,47,0.7055799623362841) (52,20,0.6977936281146454) (1,88,0.6690146026326446) (52,95,0.7357788937102966) (83,30,0.7527317319501241) (87,54,0.6087983779964459) (84,20,0.7608961416272059) (87,84,0.6884733766562645) (55,47,0.729323756232979) (51,18,0.7424843814627303) (65,17,0.7239273939044205) (28,12,0.7704593127338129) (83,70,0.6746859360493681) (68,26,0.7520243035961917) (69,95,0.625874740977229) (92,11,0.7025112323238604) 
(59,24,0.7289201027459494) (27,53,0.7139880648996197) (60,22,0.7448098360431931) (19,54,0.7875033484217753) (86,6,0.7324051084532385) (28,64,0.7494665807874058) (73,35,0.6832078396501393) (65,86,0.7201897631650576) (65,73,0.5815376140634949) (27,8,0.6026896337631726) (61,74,0.705114136966479) (81,71,0.7467124866428536) (97,39,0.6800604703978105) (16,40,0.7661567120648997) (19,50,0.7969319181378254) (32,8,0.7187573283940748) (86,23,0.7075545781264645) (12,91,0.732053695386319) (25,41,0.6804432474715755) (22,97,0.6638364358152927) 
(42,88,0.7720388278838104) (37,82,0.5956238890196509) (82,79,0.8002684540958582) (60,79,0.6865490636110586) (66,43,0.694836547762312) (35,91,0.6275104325410887) (76,67,0.7456105082801642) (96,61,0.7116523393482602) (27,77,0.7211792764221864) (71,7,0.7801151218056297) (57,5,0.7348734761791882) (24,26,0.7892697458635155) (10,11,0.7540827335339473) (37,11,0.6473554164469449) (12,89,0.6999779509538696) (96,5,0.752475929739888) (13,84,0.7350429974930408) (28,27,0.6621978895807423) (10,0,0.7721390814043098) (74,8,0.6882591238130502) 
(93,20,0.5696972085267518) (75,20,0.7856728292275112) (66,58,0.5679305350065301) (62,42,0.7244596934590044) (27,25,0.6829216928979897) (93,15,0.6675407835677639) (75,44,0.6899095605171276) (43,54,0.715371820295983) (74,88,0.6326646486649483) (91,68,0.6906552114163692) (0,52,0.6822128251382569) (55,31,0.6949187859523331) (39,57,0.5987311086247439) (80,65,0.7502223882483956) (63,98,0.7724497660486238) (12,58,0.6501449633940606) (91,7,0.6792353048237249) (63,14,0.7267257931437584) (2,88,0.7240776870870944) (55,34,0.6873160118573066) 
(53,92,0.708559602531777) (9,35,0.705141736584084) (15,58,0.7318083910245778) (81,6,0.7072554894857691) (49,3,0.7025747712518565) (66,10,0.5954298399884743) (53,24,0.6266228907982165) (41,38,0.6697695821007291) (11,50,0.6730092072339019) (87,90,0.7102080879696028) (8,84,0.6885947518979358) (5,21,0.7949677817029493) (24,26,0.658859934926894) (23,29,0.6351919787264759) (93,61,0.799064004933579) (85,98,0.683673721535169) (71,40,0.7321549287144788) (33,6,0.663059769908883) (27,4,0.7857382001675535) (18,35,0.7152793762889884) 
(43,47,0.653625512228379) (15,76,0.6909494163248628) (16,21,0.5887716489767287) (17,22,0.7688217906281111) (91,64,0.8286506098798171) (15,22,0.736219387338958) (89,57,0.6003011304009396) (58,69,0.690919407254554) (42,15,0.7425732758938122) (47,40,0.6826057741550295) (66,3,0.6561905879877045) (72,33,0.7685558210354825) (59,40,0.6923680697803544) (31,44,0.5985461927378972) (1,96,0.7174121845425979) (61,10,0.6954870922504542) (21,68,0.7606219716701458) (58,32,0.6763235112735884) (59,44,0.6897354024775297) (90,84,0.7300290296423466) 
(45,85,0.7043245903651923) (75,51,0.6053591861109541) (16,15,0.7518680045512703) (41,35,0.6726885640442754) (32,2,0.7313571300821431) (64,10,0.6857127008194411) (77,43,0.7072745409228015) (28,52,0.6331457407436676) (78,35,0.6259065657443716) (28,90,0.6621906273381055) (44,96,0.656114023532244) (94,23,0.7537300816289141) (77,32,0.634308813922341) (24,57,0.6683393664087112) (13,24,0.7500141797222688) (9,51,0.7736263805948721) (14,42,0.663496477997418) (24,41,0.644533928814438) (79,16,0.7932662350077918) (90,54,0.7286610821311054) 
(51,65,0.8054509831852115) (56,40,0.7279585380766944) (40,75,0.5964573493796245) (54,9,0.7050915882798976) (80,4,0.727170864539291) (12,30,0.634029912717568) (46,16,0.6270171272067695) (62,75,0.7607527954384994) (3,53,0.7998724262244502) (4,3,0.7565440450093724) (67,90,0.6130641992419009) (90,26,0.7413315580040027) (34,50,0.7263178254164432) (81,15,0.6403611553493196) (36,77,0.6271895817847372) (42,95,0.7355479267258214) (61,65,0.678143720322201) (6,74,0.7104474531095272) (13,0,0.7130117893623118) (82,80,0.6225773233055388) 
(31,35,0.851053280243269) (88,12,0.6965795826082506) (2,23,0.64502463722263) (68,20,0.7012969769099806) (17,11,0.7200458673625693) (94,19,0.7111503036949293) (73,22,0.7574930782502077) (93,77,0.6839045108437115) (32,12,0.6227783482864506) (98,37,0.7046058358053933) (96,94,0.7076781329042086) (94,79,0.6987435447808105) (49,42,0.5819014090926459) (50,13,0.7010961275697741) (10,54,0.6152130359552561) (60,35,0.6402921937207933) (33,79,0.6419106686360949) (30,41,0.7683092580497408) (47,64,0.6680463146175262) (41,16,0.6800544708236644) 
(52,67,0.7601923317993204) (6,81,0.7331192240649698) (24,5,0.5659950281061382) (55,71,0.7372155099412693) (20,12,0.7329907575388507) (10,50,0.668494640031014) (62,38,0.7339898064976523) (6,61,0.6291962601121341) (62,91,0.6886900150324086) (96,71,0.6177844243588047) (82,63,0.7496129370491382) (20,40,0.7444962912248464) (96,42,0.7092176262963299) (2,50,0.6774135419203111) (81,77,0.719573383697786) (4,46,0.6902866046059839) (67,84,0.7099561634334091) (55,54,0.6696737814108369) (69,34,0.6661050123814155) (42,11,0.6573503533917049) 
(60,7,0.7537182385499566) (69,44,0.6828488563984635) (63,66,0.7188538452282828) (63,61,0.7992637933349809) (1,78,0.7346217235930828) (39,15,0.7531946853606495) (31,16,0.570597429143405) (3,47,0.7626746147252469) (98,37,0.6235056716207983) (41,62,0.6695010889763209) (94,69,0.70515748547748) (19,29,0.6890179037203195) (98,17,0.7128467590142382) (91,42,0.7094722746474378) (96,48,0.7421280236303099) (38,61,0.6625948268662117) (52,5,0.6953612298569319) (2,12,0.7723598189134465) (10,14,0.7379085428281988) (0,50,0.7525129197686414) 
(86,15,0.7359085616077317) (69,55,0.739621512453535) (6,32,0.7165401549361631) (17,48,0.6848077130689475) (27,64,0.7848311352939412) (26,77,0.6437046165661728) (83,27,0.7494453821570418) (2,32,0.7207897381040493) (86,58,0.6555326816492476) (10,38,0.7640096826765175) (50,97,0.7335515348948228) (85,71,0.6531936944115704) (63,24,0.6612712585483467) (87,79,0.7902023866250787) (79,21,0.6903619852642912) (42,21,0.7290389171349393) (62,29,0.672710785529604) (3,24,0.6260664773480311) (40,66,0.6860024249120295) (42,54,0.6216046352206915) 
(54,78,0.6571238484116297) (13,19,0.6967654473107264) (48,40,0.6812765618658062) (33,39,0.7421108158215179) (75,11,0.7234388151326939) (43,13,0.6747771868718038) (63,14,0.713615763659101) (87,73,0.6977717850743611) (49,18,0.8115819132740483) (90,91,0.6638279176000275) (21,25,0.7082342404029597) (39,42,0.6824277068210801) (9,52,0.6795624124881433) (70,41,0.7075085203140835) (35,9,0.7374891878435748) (73,70,0.7862141594657615) (69,30,0.7516558042314508) (0,10,0.7485763878795632) (61,80,0.6794007212972095) (9,26,0.7126021148429202) 
(47,12,0.7427444877594642) (82,78,0.733268078647624) (25,79,0.6606360748707749) (26,85,0.6539373050165102) (27,55,0.6087767029418926) (68,97,0.755070725216398) (68,26,0.6367951485453829) (85,74,0.6135080325378869) (70,51,0.7044859745837428) (21,51,0.6758949455972092) (5,98,0.6749226143541904) (13,93,0.7048802057925991) (7,29,0.7083529593215727) (8,80,0.6634165706328524) (16,18,0.7947128208647859) (26,15,0.5813015046849164) (29,94,0.7770024585483359) (4,80,0.7029941472190382) (21,84,0.6620046786430211) (39,55,0.6944797528960285) 
(4,69,0.6360169888651558) (37,60,0.6706203590834834) (27,88,0.6739011260739322) (99,74,0.6475869033900792) (62,72,0.7542686686896882) (49,37,0.7272816765081074) (85,99,0.7183387095613991) (56,85,0.6922833345561634) (5,18,0.7549152181629667) (39,73,0.692227566620116) (76,4,0.6675260189952483) (26,80,0.8195731949588724) (53,41,0.6341065689285771) (58,38,0.6505568337411498) (63,15,0.7175600033723017) (30,85,0.6515449006074118) (33,95,0.620554812350597) (80,35,0.7054833248321878) (72,11,0.6801275071357106) (95,69,0.6397444948245766) 
(17,81,0.642516334324228) (85,49,0.7451077800337427) (16,33,0.6983942832200756) (92,85,0.6213750338382311) (23,27,0.7016339969112486) (17,70,0.751575821574668) (99,58,0.6682536439322732) (52,34,0.7840396897415777) (9,52,0.7131482988806057) (42,8,0.740320247406121) (97,19,0.6803931349138044) (61,40,0.6313354013021749) (20,53,0.6823637354142155) (89,11,0.6193873918763706) (84,74,0.6684453488499762) (16,79,0.7530438267531496) (50,5,0.6277431629635628) (65,99,0.7007243420097196) (1,9,0.7613699596032255) (2,27,0.7122766156318757) 
(35,28,0.7328314319303829) (35,51,0.7843579214569134) (37,74,0.6308400160322589) (0,43,0.7297843620753092) (76,61,0.6765696750825392) (1,0,0.6605574833545865) (32,53,0.7047338372695557) (45,1,0.7097420543012962) (23,18,0.7709567482421543) (68,84,0.6499267295069161) (66,52,0.721328563763616) (46,66,0.7714846239110202) (34,88,0.7385276004917851) (41,69,0.621093626285395) (48,69,0.6647629783561703) (59,82,0.7221433619550028) (92,5,0.8181960062901963) (13,24,0.6965395439122212) (28,78,0.6886836938695209) (77,1,0.617157455118171) 
(7,37,0.69013613587954) (80,54,0.5988114373673501) (32,76,0.6850801996503642) (72,1,0.6931661034800078) (91,79,0.7458114751897588) (17,41,0.7526034075434064) (33,92,0.738374388110529) (76,6,0.6725563001508229) (1,67,0.7928601830914029) (24,5,0.7430210583884057) (22,54,0.6775751357012514) (71,83,0.7267620871099013) (25,57,0.706733750307193) (3,70,0.629567091532818) (42,49,0.6888268423588761) (62,36,0.8038951392897419) (91,82,0.6500232859214694) (23,98,0.7526291269351773) (9,30,0.735009220731265) (82,36,0.7037442926071168) 
(63,20,0.6526111527381794) (47,56,0.6626199188816411) (97,7,0.6418685059505905) (47,78,0.6698959298643878) (6,35,0.7024662437817202) (52,9,0.6882781726081677) (43,13,0.7247840973002132) (21,16,0.696906568358748) (64,39,0.7590896723120212) (12,56,0.6794011582369188) (87,23,0.7227805392748845) (60,21,0.6218849873641823) (20,14,0.6123767725025548) (64,69,0.6998272665461897) (43,61,0.6355575459531188) (0,32,0.732519644984013) (47,74,0.6738561388692935) (72,26,0.6561315119580443) (13,63,0.7854344433176474) (19,46,0.7662113003490466) 
(79,87,0.7571947020526748) (70,21,0.7799314818141247) (62,11,0.6847885614146267) (79,70,0.7861876093440934) (82,41,0.6622041172769182) (50,60,0.761318427384112) (81,73,0.75830220004452) (73,32,0.7025762868754502) (75,77,0.7076421934897845) (87,16,0.7204498135609826) (74,67,0.6943392028767124) (14,91,0.7152137287296101) (24,89,0.7595025714398781) (25,72,0.7152993762987546) (20,44,0.6189567667232736) (25,2,0.6812565825815573) (54,26,0.7021421007384953) (95,7,0.6773516694559634) (10,58,0.7676671770112139) (81,72,0.6480691951190949) 
(33,40,0.6737348759050831) (97,91,0.7923745318997006) (54,83,0.7387841637136973) (97,52,0.7755920297678441) (27,47,0.6759375244798701) (46,59,0.6551734113692644) (34,63,0.6698699205693542) (27,68,0.5794360695646746) (23,72,0.6929126905816491) (69,21,0.7442365563770726) (8,97,0.7064587532784427) (7,68,0.7247510121143748) (45,15,0.6928087411591276) (45,96,0.7086598999603255) (92,46,0.6723633454336575) (23,61,0.6143328006585538) (92,14,0.6785344720928478) (89,46,0.6737299780270176) (85,15,0.6485835437825423) (75,32,0.717156363230644) 
(26,38,0.7162633150626357) (19,66,0.7695714328404359) (9,87,0.6957039327000996) (22,86,0.712533720427027) (9,36,0.6896033969820388) (34,41,0.6679093952637444) (56,79,0.7392319904136887) (49,20,0.7269436978784293) (12,94,0.6949846705948394) (23,31,0.7583392601916207) (34,51,0.6736832650572402) (7,94,0.7351767389870272) (2,9,0.6702283638789459) (45,84,0.7543468784348037) (94,80,0.7157935121037715) (70,78,0.6272033646862047) (5,38,0.6735793866405214) (42,78,0.7631089447742735) (67,73,0.7576674350251998) (31,43,0.8374903501599901) 
(1,4,0.731530799485385) (28,71,0.7254931174259968) (97,91,0.7814989850063763) (28,73,0.6512279895955341) (41,26,0.7201510981595876) (43,32,0.735962378449351) (8,50,0.7465963419777346) (69,49,0.7447075688836408) (94,38,0.7565928274989749) (29,9,0.7122260107390227) (73,77,0.7772596071491944) (53,93,0.6754329874507755) (94,83,0.6785179068773628) (28,8,0.6964263865758118) (92,90,0.6525981396005931) (1,70,0.6878371759733183) (85,45,0.7266891502398215) (85,40,0.6735481883359258) (78,8,0.6677719159410535) (83,63,0.6834199240719486) 
(42,44,0.6961495338524182) (68,31,0.7933591184475637) (56,9,0.761391956306736) (44,36,0.7197670310449483) (28,57,0.6348048862294042) (49,93,0.6305954853156578) (79,75,0.696643656666474) (90,89,0.6820444651651173) (42,30,0.6440484829560991) (68,74,0.574957391460075) (15,83,0.6905911781096223) (10,99,0.6771120894458783) (53,58,0.6796202961931372) (38,66,0.6641604402704002) (33,79,0.7155586741298039) (4,31,0.6853683474583311) (5,4,0.7415684889767759) (84,43,0.5600675187284692) (16,2,0.6621722503083067) (83,25,0.6663695524498443) 
(3,25,0.7106030764933581) (47,32,0.6703827270759819) (11,99,0.7074298755656699) (86,58,0.6402031519955604) (53,24,0.633808558752578) (11,68,0.7041954681596243) (28,92,0.7379717534263966) (17,65,0.6375314034444352) (37,27,0.7786773161871159) (16,32,0.7092933350025027) (62,4,0.6951449875794071) (25,52,0.6678717476935127) (18,71,0.7308259438506957) (40,12,0.7635945776809401) (68,64,0.6684679568656668) (43,36,0.68417345537655) (2,76,0.6843517235088038) (23,81,0.6929865251849489) (64,31,0.6785122776264904) (34,82,0.6845592420193958) 
(39,71,0.7113399880974981) (66,90,0.6819363399526401) (1,84,0.7558520003855899) (54,96,0.7412434274106964) (66,85,0.7128723201646813) (13,41,0.6839127693328616) (48,30,0.6751615733464865) (12,57,0.6646883652481058) (49,72,0.6193600785414617) (38,73,0.8012165664575325) (28,74,0.7515526984988674) (73,17,0.6754690456937191) (10,80,0.6119447714312146) (81,99,0.6565362228451136) (15,9,0.6497291439414247) (13,17,0.7002099032293434) (95,60,0.7563790748507317) (55,33,0.7424900887830816) (14,35,0.7869200002622708) (27,8,0.7338504037330548) 
(80,46,0.6691051382386755) (8,81,0.6851676405658762) (84,40,0.7098098597830886) (38,65,0.7135223251136134) (66,59,0.7135748823876086) (8,3,0.7177836131350374) (94,73,0.7525145261172292) (58,93,0.7102891431792215) (40,60,0.6882128347045928) (4,53,0.7098805971726396) (27,85,0.7129563962594131) (96,45,0.7167465975482434) (75,43,0.7744664890833247) (9,95,0.6841900870366915) (48,0,0.6999452571316861) (25,14,0.6885345327443833) (50,82,0.8086571324754626) (74,39,0.5956412981596846) (20,0,0.6712594891519554) (60,8,0.702677320858703) 
(79,12,0.7000285840831539) (93,25,0.6869999320138505) (39,70,0.6964944367157003) (5,6,0.7569937832524409) (76,21,0.6856316746427094) (25,79,0.65141205891569) (91,81,0.6105750197688471) (39,64,0.7274986676911422) (71,80,0.6964869541877796) (9,92,0.711089503126079) (75,55,0.6397357160129267) (86,35,0.651157095103737) (97,80,0.7110019260299403) (88,35,0.6505260570555513) (17,78,0.6761818870921839) (21,85,0.7162314892229893) (80,1,0.6048171003406065) (1,28,0.6974477769998048) (35,64,0.6406219770853557) (0,83,0.6573048668754783) 
(85,73,0.748999446967258) (54,50,0.699197775927154) (52,3,0.7161609562572054) (96,66,0.6618567636627664) (49,60,0.7019428250130438) (37,16,0.7608900162583908) (10,57,0.7203207935478574) (16,84,0.6760073677072511) (39,37,0.6899132156128643) (86,14,0.7355714614755463) (2,38,0.6619577920191475) (57,88,0.7798454815633193) (31,80,0.7465051469275772) (19,53,0.684660551182568) (2,71,0.6324598969220157) (15,96,0.6588296394331837) (67,65,0.6758724780000388) (22,37,0.7452553085153751) (70,2,0.7177961196520999) (74,54,0.7060476603322973) 
(29,77,0.715272056821137) (24,51,0.7113919434908659) (45,26,0.6835987947173184) (48,91,0.7719417264179937) (65,84,0.8267195772261554) (78,42,0.6588875462692405) (81,42,0.613426058495004) (54,64,0.7419077201287659) (83,55,0.7472463801841261) (26,64,0.7279304671557159) (42,0,0.7322055153479863) (83,45,0.7784580274091424) (81,68,0.7218369707419614) (26,6,0.8024527245117622) (17,11,0.6437318221993666) (46,75,0.7755987708989555) (84,47,0.698807991890423) (55,80,0.7864948738874515) (81,14,0.6939517994666088) (37,77,0.667828027779986) 
(72,87,0.7394112125703997) (95,13,0.6091079241397201) (73,75,0.6948563731375849) (5,65,0.7074514964102571) (34,24,0.7434925409195119) (45,2,0.7558222390529524) (84,18,0.7189124495823583) (14,25,0.6614027658680766) (92,20,0.5989552871260097) (80,48,0.6116133568549309) (61,6,0.6629773431791546) (23,77,0.7768502218516167) (97,22,0.7107591298536641) (5,60,0.6262021097302823) (17,88,0.7065601310273438) (90,95,0.7172163389196837) (54,18,0.7648522184866563) (17,86,0.7780325578939334) (27,74,0.6985233480808855) (61,85,0.7262937241498458) 
(3,83,0.71218072441128) (71,79,0.647406146955277) (70,66,0.6908003158834972) (10,47,0.6765423814095928) (30,85,0.675559423121721) (26,99,0.6001836293227089) (24,64,0.7190125839499669) (72,93,0.6844471650554982) (43,89,0.675139277051212) (21,60,0.7068763417565773) (51,85,0.7006978437494525) (72,58,0.6634169834423832) (22,60,0.7205985381690196) (72,8,0.7491270470785827) (34,69,0.6402846258318508) (54,56,0.7004929076338263) (31,73,0.7094780980806821) (76,9,0.6241573497306574) (45,36,0.7647131849432239) (80,3,0.6799676654253135) 
(23,88,0.7190095179509649) (94,67,0.6725646026006938) (2,43,0.7021434601366432) (23,34,0.6812099200164013) (52,17,0.636687872579876) (32,40,0.6704003310812761) (19,28,0.7046667105177893) (92,98,0.6200999720050832) (61,27,0.6727562390482922) (18,15,0.6971063180669901) (3,85,0.7149842716559336) (81,57,0.7002629331830434) (69,45,0.6552679491449236) (24,87,0.6153054417552404) (4,88,0.6261308854517407) (22,63,0.7170982026751721) (14,24,0.7722981318049615) (39,71,0.7135600508251979) (62,96,0.7671245082075817) (75,95,0.6026456554385543) 
(13,9,0.7322857686624912) (24,12,0.8042173242880262) (38,72,0.7952831838434165) (87,67,0.7109526052837932) (68,49,0.7362525544239902) (97,87,0.7530605603193719) (86,95,0.7292999546846678) (23,50,0.7780349111694795) (90,45,0.71160915736166) (40,47,0.7718739155992062) (90,89,0.6350371109984447) (96,67,0.6947327985163168) (41,22,0.744135363176875) (82,84,0.7058119362621992) (36,79,0.6118068557469416) (50,17,0.7927465847754921) (18,22,0.6609559519962851) (13,49,0.7351100589205113) (75,69,0.734112384400311) (53,55,0.7866584682720481) 
(96,9,0.6847799473657793) (70,94,0.6244855656327094) (24,2,0.6563948471712848) (18,10,0.671518362416454) (50,19,0.7331243059582291) (21,83,0.7300512262609897) (3,47,0.7132318365731288) (56,36,0.6145574048568038) (99,25,0.7142752112556938) (44,55,0.7362514435115163) (79,1,0.7477831381386228) (87,85,0.6557763457415146) (81,27,0.6822077188605562) (82,16,0.7741288323198977) (13,99,0.6677649361978729) (65,81,0.6702109396410293) (33,36,0.7302108201115697) (27,44,0.7051353569233357) (54,6,0.7660014909569351) (83,68,0.7580451798275823) 
(52,23,0.7031774850467134) (29,33,0.7437193672218694) (31,50,0.69338438115384) (2,36,0.6508119428751636) (77,88,0.7235026348734764) (17,32,0.7083454881339764) (2,47,0.6871528418227807) (79,83,0.7832011837112379) (80,82,0.713680858303045) (92,20,0.6656038988399846) (52,43,0.7134189998801125) (1,57,0.6692266906428277) (3,63,0.6140500672752953) (73,47,0.7159860149438845) (31,67,0.7500224963840592) (24,90,0.7438714972643382) (94,79,0.7899989226462338) (43,27,0.6201246853658938) (26,82,0.698035190728132) (72,51,0.6890463901526974) 
(6,94,0.7667487014920955) (9,40,0.6899634485675669) (4,16,0.683136622258937) (26,23,0.7126728509615275) (74,34,0.7463659109112736) (7,66,0.7315252233819309) (3,65,0.6260040080276211) (94,63,0.6934014602914136) (61,86,0.7521084100915867) (26,93,0.6457740558273208) (91,33,0.727158526456363) (15,88,0.6619897919894452) (71,53,0.6460043883568933) (11,59,0.653750196251386) (77,12,0.7255118777210828) (41,72,0.6697449641246058) (41,81,0.7148099272404711) (59,7,0.6968774406618552) (96,72,0.6656663632763233) (60,8,0.6159860358227128) 
(56,89,0.6633401802093493) (84,36,0.6302126060080133) (3,42,0.7165841475062358) (89,55,0.7048989998924775) (14,70,0.616121852625806) (70,44,0.6911706356054766) (92,49,0.7776536015964588) (43,40,0.7241369057878961) (38,29,0.719059469973735) (33,46,0.7224502969462729) (92,17,0.6422131963121156) (34,99,0.6503853246478747) (48,73,0.7199369679872795) (65,21,0.7315585490176906) (89,45,0.6524054492051542) (8,20,0.6616354412221161) (47,85,0.6809917809327928) (88,6,0.6620184994577029) (21,41,0.6250154491653864) (89,72,0.7589806318487514) 
(89,90,0.6808132728823726) (41,11,0.7088415518361642) (0,67,0.7652080041693241) (37,89,0.7795568970650445) (46,12,0.7060034404794733) (71,47,0.6966131917724595) (61,84,0.7362736312329007) (86,8,0.7589859525719928) (15,58,0.7190277447363023) (16,73,0.747558600762137) (74,99,0.7298262486498581) (75,97,0.698681366308219) (6,28,0.7216587702825924) (58,79,0.7899826727404139) (79,22,0.7050066645778545) (60,98,0.7336844740723408) (16,75,0.7551471174385643) (27,13,0.7287503896652645) (73,4,0.7126717476454681) (49,92,0.5912877938069961) 
(61,38,0.6606114421976284) (50,4,0.7842906847725458) (30,29,0.7578380530966514) (77,81,0.6805715405599015) (44,5,0.7416248288858117) (3,24,0.6666446598393503) (76,38,0.7553583983915071) (35,73,0.785165559694379) (89,88,0.7308520683603229) (82,81,0.8528212811577893) (55,37,0.5750073464074137) (35,65,0.744363414183645) (63,96,0.8048568714034173) (65,59,0.7157454454714225) (81,58,0.688335582505545) (96,69,0.6690346835470912) (26,57,0.7811840581083787) (60,35,0.6400476758829652) (12,25,0.7183389404887661) (47,33,0.6971861285231019) 
(11,31,0.7601038596577633) (58,34,0.6718227022272061) (7,47,0.715666049849118) (72,12,0.7554561883208111) (9,62,0.5990703405114263) (88,48,0.7245510551524272) (78,5,0.7019998669668189) (78,91,0.6902504098540839) (70,26,0.6969530181151566) (46,7,0.6584983668966459) (63,36,0.7028780427983468) (4,96,0.6187703852512907) (3,65,0.7742280227403698) (67,83,0.6120921844611867) (80,20,0.7370616951996047) (29,58,0.6583119592147704) (7,49,0.743238928796591) (22,73,0.7221885700294487) (66,92,0.700664717173004) (85,34,0.6104976856624819) 
(94,27,0.7231045438000755) (5,6,0.687690768766579) (97,41,0.6255823083751305) (3,35,0.6530309219688586) (28,61,0.7064685118557276) (64,40,0.5882406839165364) (12,4,0.6532603756666199) (87,63,0.7592007471266817) (58,91,0.7470863504962154) (64,44,0.7039628287859644) (32,18,0.5765082219833069) (84,19,0.7265407442818513) (25,75,0.709028324266707) (77,36,0.708199605661915) (84,80,0.709747247715302) (58,14,0.7063155723170312) (13,50,0.7183769153585268) (1,48,0.6072731738662088) (30,4,0.6112019644097773) (27,0,0.7646317114302374) 
(65,29,0.7556051672890212) (21,52,0.5759004348299825) (10,99,0.6688012482264164) (1,99,0.7351875252402097) (7,25,0.7165545767377276) (30,22,0.6947936871004243) (51,7,0.681028453963798) (27,69,0.7260699408380322) (71,37,0.7329504666501234) (48,56,0.7003539546604336) (70,60,0.6902795213156073) (2,38,0.6747269782141829) (56,5,0.6500557250688197) (96,7,0.7493174654056423) (56,36,0.6269724958922382) (35,76,0.7240709242759773) (16,69,0.7522179484873175) (96,43,0.6902673627763862) (67,85,0.7622722995416291) (86,44,0.7331438492314915) 
(97,31,0.7284007442576494) (77,67,0.7096966956111211) (67,17,0.7124719303473195) (93,41,0.7781734465943132) (12,18,0.7143612722751241) (56,83,0.7209322236393738) (95,37,0.7113073933278162) (4,30,0.7800133591366172) (83,7,0.6194851279520166) (41,11,0.7282054272062926) (80,22,0.6364735579422962) (4,0,0.6628063390951188) (29,57,0.7537607219967923) (75,21,0.7105094425355071) (4,32,0.6594612384429844) (61,39,0.7449573614968815) (96,63,0.6751982590500192) (63,93,0.7528889630956372) (32,73,0.6490717600180455) (51,77,0.6073665413904754) 
(99,49,0.6490453483642034) (57,40,0.6434383967290906) (70,3,0.7144213268622569) (11,50,0.685066590160674) (71,67,0.7248682480060563) (40,18,0.6331634256407894) (40,62,0.7251751964577222) (24,8,0.7498895147092637) (73,91,0.7922307140718569) (98,72,0.7213351180120718) (83,81,0.6607299746585182) (26,45,0.6896029933161659) (33,56,0.7054433836075731) (71,4,0.7182018992554446) (99,79,0.6659693006534017) (82,5,0.6371146412406163) (73,34,0.7003555401243707) (69,58,0.6553899585659241) (39,91,0.7621685565447851) (43,6,0.6750316949468507) 
(50,25,0.6574402418149508) (96,92,0.7024496680133177) (23,52,0.8100628460618686) (69,23,0.7014885326951558) (78,53,0.5799989387500813) (70,28,0.7145647103828816) (54,93,0.701870138172638) (19,6,0.6598505961929888) (34,79,0.7499196833146957) (77,59,0.7013415121581612) (25,35,0.6188012105655263) (52,97,0.6753946374882084) (6,17,0.645511577994454) (6,94,0.7339009321641058) (79,47,0.6796287450672197) (97,64,0.7384038729412842) (46,65,0.7222668441458063) (55,68,0.6123504253877371) (90,63,0.657784064113112) (64,58,0.6952140253916386) 
(34,96,0.7222597704410079) (28,40,0.6411299024220335) (96,91,0.7598770650696269) (16,58,0.6570477337477587) (45,33,0.7082007396894853) (39,86,0.8656765245432881) (0,74,0.6498262326522232) (69,26,0.7197289577883872) (8,95,0.7979082480680242) (76,20,0.7129247089634965) (95,35,0.703882150420029) (19,43,0.7804213454952239) (36,32,0.7124856071718795) (89,83,0.6685650046144254) (86,18,0.680957817291703) (28,59,0.7060393650391547) (38,10,0.6493519239202142) (98,73,0.6358427624557079) (31,68,0.7464048495940279) (57,34,0.6553083588714803) 
(9,4,0.7018967014736012) (8,55,0.6155878860201521) (28,56,0.6929457932941872) (65,11,0.7660090572055581) (86,53,0.6759727588405549) (17,38,0.639482776454846) (89,38,0.7060394945107449) (17,39,0.7629948558245931) (20,87,0.6994095636824597) (47,93,0.615451818004812) (21,63,0.6801476062178919) (67,89,0.753718291051613) (57,81,0.7309666059319281) (43,98,0.7105684316365851) (82,86,0.6667841215885606) (96,11,0.6328207229664122) (19,90,0.6963696144424202) (0,36,0.7179792004266473) (24,9,0.7076906632624907) (65,9,0.713480656482441) 
(49,67,0.748374003781119) (99,54,0.7541770300689586) (5,36,0.6916857185208654) (57,94,0.7764128472955443) (32,27,0.7026536329523599) (12,48,0.7247176839792102) (26,20,0.7330281947113885) (65,31,0.711365969644636) (45,20,0.7091445968786708) (83,59,0.5688369598953404) (55,74,0.7102555310207004) (32,52,0.7639692700619358) (33,99,0.7202395922555815) (29,84,0.6999329750921864) (59,64,0.738410787806292) (86,97,0.7165837348806712) (28,6,0.6210110746011309) (14,60,0.7103371779892699) (18,57,0.6511706554284875) (5,24,0.7171190177864402) 
(87,36,0.6574434895510094) (31,13,0.707114831883784) (89,30,0.755467633292574) (75,40,0.6284770340195561) (23,87,0.6400905565769718) (70,36,0.6396761620054434) (15,24,0.7816614444727276) (78,19,0.6753201598582239) (55,14,0.7220011932110021) (86,63,0.6529341342154658) (24,19,0.7247093606330577) (89,78,0.8640434821869296) (19,73,0.7622187759950786) (98,35,0.7531925495994367) (31,16,0.7647717937259603) (9,55,0.6653961403078608) (2,44,0.7106661606623568) (48,14,0.7158557708318355) (82,84,0.6795151198263036) (24,18,0.710515962070077) 
(93,29,0.6772858141478009) (92,48,0.7138502508252733) (98,35,0.7333823601103158) (59,90,0.6965982516894734) (42,26,0.7604883516307213) (80,36,0.6900447947957755) (16,35,0.6927392457133551) (53,30,0.6866819246095662) (52,18,0.6558368859256046) (45,34,0.667738416298439) (11,80,0.7154766935844304) (53,31,0.6861284374088438) (50,7,0.6916055862728684) (24,16,0.723666948811435) (41,9,0.6284038604669585) (40,13,0.6402171533900055) (21,39,0.7666580398675196) (90,57,0.6949103873882402) (71,42,0.6684734914079936) (23,63,0.8334070086890856) 
(96,55,0.7103737632233658) (79,9,0.7040524357410974) (91,22,0.7030334823951363) (52,76,0.66476443346588) (13,25,0.7224184531796167) (38,92,0.7291706422158771) (13,27,0.6103507229522632) (61,67,0.6293562376979295) (98,96,0.6993034518058631) (13,99,0.7005522343273474) (59,8,0.7572010369501917) (44,93,0.7255837353692682) (83,96,0.6980939400211014) (51,64,0.7160732497222484) (13,93,0.7063062790482786) (74,86,0.7464328150078936) (63,95,0.7682640190327074) (84,53,0.7103211935823921) (27,48,0.6878742633411599) (73,99,0.6827693002586452) 
(87,68,0.6399634122050335) (35,50,0.691758703267546) (8,25,0.7178189211157833) (42,96,0.6700917091678745) (10,3,0.6565031838225678) (55,2,0.7649492563889618) (74,63,0.7644234474612166) (15,29,0.6473329733741906) (4,85,0.7124841579547185) (14,45,0.7386110003589661) (67,54,0.6869545144707317) (67,9,0.6977512303117102) (13,97,0.6808886897642594) (8,49,0.7008394545685527) (92,20,0.7043533886712258) (41,44,0.7146513630381245) (75,98,0.6387899201761993) (11,43,0.6479733587629426) (15,30,0.6040486804898253) (13,2,0.8008502998547883) 
(83,5,0.7194027815718036) (5,3,0.6547690727442673) (70,19,0.8022501212543812) (23,50,0.6516322668765812) (86,42,0.7505396045179266) (27,34,0.725475462846295) (87,99,0.6543242149080957) (63,85,0.6740956070679995) (33,87,0.6409302615655083) (52,17,0.7555051325577095) (44,29,0.6947213360278954) (93,66,0.7255989894335996) (95,38,0.7661102511161413) (4,14,0.7394782807027498) (97,79,0.7407266429379826) (6,17,0.6838515646538021) (15,66,0.6477528553836472) (19,91,0.6309295789628167) (30,69,0.5593808349421451) (5,42,0.6905779457478625) 
(81,96,0.7244240898932931) (89,74,0.6129772600007211) (7,96,0.6900535902775493) (54,51,0.6712658777125904) (70,75,0.6862601877598733) (99,25,0.6316764056339319) (9,64,0.6036804354912746) (73,53,0.5854201203405232) (94,84,0.6672938540703629) (65,26,0.7284053204623705) (7,77,0.7684860127241541) (57,19,0.7625779327841854) (57,21,0.7146674157608912) (86,60,0.6699976160034713) (98,82,0.6448277138625143) (27,40,0.5982064594995612) (50,11,0.7258025436340465) (61,36,0.6584744830947808) (26,2,0.7252651059791992) (68,65,0.7196133390794638) 
(96,27,0.6280479398329808) (48,94,0.687563117099694) (62,69,0.7331809413167848) (24,42,0.7281548869233804) (96,68,0.7270864815357574) (44,71,0.7094880496221935) (60,54,0.679470816360987) (74,4,0.7512477598546521) (92,17,0.7447911783931592) (56,44,0.715463749726231) (64,14,0.7171224584042609) (60,98,0.7130220277872829) (26,4,0.6978567037818032) (26,77,0.6292119816985264) (22,89,0.7320365120965138) (41,89,0.6796069396756377) (27,92,0.7397254472332461) (77,13,0.7179503411254246) (92,1,0.7146095305351151) (93,81,0.7417558294232648) 
(61,62,0.7226610199221492) (88,9,0.7603912621153461) (2,22,0.6943352163584703) (76,79,0.5949399237789694) (92,89,0.6991001583933012) (27,3,0.7154881360638414) (90,74,0.6714613293378673) (50,91,0.7050025770361487) (46,32,0.7504845819817868) (43,1,0.6692098197992814) (17,76,0.6087017823590494) (54,17,0.6491216755939392) (54,30,0.8345659786012094) (52,0,0.7023348138436565) (61,0,0.6420155116569263) (37,93,0.70612460574075) (36,93,0.6891580310923403) (60,38,0.6921794848328877) (5,67,0.707895053868023) (14,31,0.7316874309880275) 
(8,39,0.7157613818011572) (26,25,0.6639205332387568) (0,19,0.6675211724318721) (41,54,0.6912523352038691) (71,36,0.7538636072345415) (66,84,0.6279839671004376) (95,46,0.7178954411367022) (94,72,0.6814933145394215) (77,44,0.7129223105542594) (72,97,0.7716632701386577) (50,93,0.6410717956434878) (63,34,0.6449430123738678) (62,77,0.758469859810653) (90,82,0.7046895006859248) (59,26,0.67509164413197) (59,35,0.6651502941858005) (16,93,0.6193003867429236) (60,47,0.7689216813960212) (53,0,0.6903838763199464) (86,16,0.6749284591979701) 
(62,65,0.6819876280120905) (87,23,0.7115045543882083) (21,73,0.7905795391861528) (6,25,0.677222034385211) (61,16,0.7333072731866878) (15,82,0.7501605981767107) (11,51,0.7500038875061229) (75,67,0.7008046933258435) (55,66,0.6471564634528977) (0,65,0.6039305517316799) (66,87,0.760978526370562) (66,86,0.7534767375614095) (60,80,0.6883394518235821) (68,20,0.6981985089058529) (52,82,0.71408410546974) (71,95,0.7563462776643894) (49,43,0.7513204376634072) (17,23,0.7301495023910095) (5,68,0.7370079134850659) (48,15,0.7969684340587566) 
(21,90,0.6812495876560408) (44,92,0.7394324932794173) (45,38,0.6923443266869773) (46,1,0.7072052170459094) (48,30,0.728200688996922) (46,47,0.7533297112503672) (92,6,0.626913101445882) (73,92,0.6552061665733081) (77,85,0.7194384546517612) (53,89,0.7895810800514992) (41,17,0.6936346939641113) (46,69,0.7421009343208153) (20,9,0.676675884451198) (35,66,0.7053927920131129) (76,29,0.7145667572382289) (26,79,0.6971264197592454) (82,73,0.6479613868281094) (28,72,0.6197389205034318) (11,88,0.6860031243024493) (74,91,0.7394002669321443) 
(68,43,0.6234741714748542) (87,32,0.8051854596872757) (16,6,0.6650698366003245) (97,14,0.6868192539842175) (68,0,0.5680637063782165) (89,98,0.716732140852686) (63,35,0.7212924903898355) (54,98,0.6579579123832545) (17,66,0.6896587096462571) (5,92,0.6479530495750828) (16,95,0.6340625080928326) (44,92,0.7908799216554655) (95,75,0.6786683080735368) (56,52,0.7493888622504691) (26,91,0.5810872092170286) (9,24,0.6255551794332483) (46,85,0.7347963039829238) (97,37,0.7937978430848733) (93,68,0.7041412700516648) (46,62,0.6664390046124937) 
(50,21,0.6948409420330274) (42,21,0.6569927161201342) (62,75,0.6858287092401238) (97,24,0.6202626897080283) (46,59,0.6910965165041474) (6,26,0.7397833654040297) (95,97,0.7021281659021119) (48,24,0.7017379559811303) (85,15,0.7909089540798186) (5,0,0.6115406194599634) (66,59,0.6817982828515828) (7,46,0.6808021238350769) (9,13,0.7023500587264455) (32,98,0.7529641372572846) (56,81,0.6350322843151031) (98,92,0.6908327223337031) (75,81,0.7395487925533191) (75,58,0.7377694524396897) (96,12,0.7912148196225219) (22,8,0.6940312043386189) 
(39,16,0.7025177283778025) (70,31,0.7697225582014114) (28,18,0.6443114743740894) (1,2,0.6527945802456714) (84,47,0.6829198436386895) (64,66,0.667808835014445) (49,70,0.6889171481216104) (53,42,0.6790240887403127) (62,27,0.6630658376587104) (51,97,0.7651901278648578) (12,47,0.7216689261704823) (49,30,0.6723269314787381) (17,80,0.736329477614436) (73,28,0.7454319999957035) (96,87,0.6703073613595117) (73,99,0.7532731270450269) (53,60,0.7761401745628103) (7,81,0.6858918354052428) (68,19,0.7715205284935691) (78,8,0.8032448017849092) 
(54,3,0.6252143480336778) (89,86,0.7289550220091945) (47,52,0.7403412745975976) (8,67,0.6825082075984512) (76,6,0.5893224814980221) (40,76,0.7790065228147369) (84,94,0.6750426737769794) (47,29,0.6966361045263424) (8,48,0.6359968396221973) (35,99,0.7038723882679717) (70,73,0.615181205917041) (1,31,0.6356872436388582) (75,42,0.6926589431217601) (17,88,0.664019838339299) (83,93,0.7516995488994339) (91,28,0.7508834366981583) (43,38,0.6859834837457193) (10,52,0.6558196294268714) (8,57,0.7905327345023602) (60,44,0.7473914938949794) 
(58,1,0.6450275546713438) (54,0,0.6947884989717875) (56,57,0.6388764676534396) (82,57,0.6536359144856312) (13,82,0.6605786914739233) (86,84,0.6627032352155035) (58,94,0.6369711494786947) (72,3,0.6346571385688371) (71,43,0.7052644129126371) (59,20,0.7072560077396701) (14,9,0.712406226277293) (34,33,0.6943757775195989) (21,7,0.7256286464736055) (96,54,0.7011836449159) (41,95,0.685644821530974) (25,31,0.6954061220986204) (80,74,0.7203403491809726) (56,62,0.8042118562740878) (52,64,0.6883330808506302) (15,61,0.6538085274772754) 
(68,13,0.7097297445730544) (59,77,0.7125743939238387) (96,45,0.6743595243737068) (12,25,0.6478379304012538) (10,5,0.6835785505374472) (56,75,0.7728473049058586) (25,53,0.6844999921451232) (87,90,0.7108186816268133) (30,48,0.6805429974113825) (61,8,0.7030203773957083) (65,87,0.6508722867974326) (90,3,0.6969220427496515) (64,5,0.6750677694744961) (65,45,0.6862810847474562) (18,86,0.6735678784876655) (4,40,0.5798576882531498) (56,66,0.7267185742249144) (33,2,0.6992047927062355) (43,71,0.7315858948550666) (69,5,0.7202031092675162) 
(93,85,0.6978694305454662) (82,19,0.6850003481181987) (5,25,0.6832425927480335) (76,96,0.6799590816122749) (46,12,0.7628903633180637) (5,19,0.6451568411613986) (80,73,0.7391130434269566) (88,22,0.740616304280822) (64,8,0.6547878781347731) (59,66,0.7023480267577813) (99,71,0.6720942161262935) (92,96,0.6710844855150151) (82,40,0.7062416295039055) (70,72,0.6624403905127889) (53,46,0.6848480333676235) (94,80,0.6942101689289493) (45,82,0.7213576028142292) (41,48,0.6401874546113743) (69,3,0.6965888566280164) (64,91,0.66032062848342) 
(42,33,0.6525183688838202) (87,29,0.768520947100715) (28,85,0.6393370035060592) (39,81,0.7719068946909347) (34,99,0.590774065338226) (90,11,0.6145245113440215) (3,77,0.6801461118799855) (32,54,0.6867333975063955) (51,19,0.6351774869070159) (57,99,0.7191099090661801) (17,35,0.6978026034801402) (83,9,0.6986209389370854) (90,28,0.6835316618525803) (80,35,0.743963298922248) (48,77,0.7016348787065323) (3,8,0.6678256055478499) (96,97,0.6692983454939191) (96,63,0.6611906624072237) (70,68,0.6490977128591717) (92,99,0.7483405031727172) 
(9,67,0.7378073898636663) (39,96,0.6699628494808397) (44,56,0.7968434700667844) (26,33,0.6419417037988774) (60,78,0.6845047600594282) (4,11,0.6950000709355879) (45,88,0.7400479443501643) (95,21,0.648486642181101) (96,74,0.7248330538936233) (36,79,0.6682196972062422) (62,30,0.71087295813488) (75,6,0.745543718756477) (57,10,0.6463813637567357) (45,19,0.7852160753051918) (95,11,0.693340785060986) (15,46,0.6829666613302023) (0,70,0.7099579770716659) (50,62,0.6958512920838511) (77,24,0.6847699918778671) (27,85,0.6994036673539187) 
(83,32,0.7460450392890863) (2,48,0.6734495034544854) (23,17,0.6162753625039796) (26,39,0.7425852482521531) (70,12,0.6690134767906962) (72,97,0.792839041045219) (65,97,0.6795909143724376) (11,88,0.7080046539962263) (89,17,0.7194476255257211) (24,44,0.683987135439208) (89,87,0.6613195792671285) (92,38,0.7435019515519868) (6,1,0.6645791531872777) (15,72,0.7275126673076059) (88,66,0.6658399665762106) (40,18,0.6245161695656021) (82,25,0.6973910370375587) (50,95,0.7084675663780381) (34,1,0.6757721356514913) (84,80,0.6816588601746648) 
(39,1,0.6452633627453397) (20,11,0.7002011198525526) (74,90,0.7229866586571028) (23,2,0.7280954394831515) (57,2,0.8330294727725415) (88,33,0.6598258249121238) (40,18,0.7110962335191026) (64,21,0.5931431775267808) (55,68,0.6473416904335206) (71,33,0.674016630393689) (25,73,0.6874004017779486) (19,70,0.732460272107086) (30,99,0.6624501311715819) (67,62,0.6527978975312252) (88,0,0.6499534691477186) (87,68,0.7641096830067834) (51,68,0.774317731814265) (7,74,0.7321483714725135) (57,16,0.645551888694997) (0,93,0.6366183210895513) 
(49,6,0.7024909168454145) (42,93,0.6429841184298436) (1,28,0.6788311328733254) (28,51,0.8234016736666677) (92,51,0.7730659060303073) (55,50,0.6463843991816788) (62,54,0.7120009598225896) (9,92,0.798638546398947) (32,79,0.7051264321136039) (67,54,0.710020702699101) (22,33,0.7747847657681606) (49,57,0.7437379169354857) (17,92,0.773505118189315) (28,76,0.6658038157892351) (31,53,0.6926259100063615) (19,67,0.738052586727558) (94,82,0.7474952795285453) (96,39,0.6080607289566491) (51,43,0.6629029256736181) (88,63,0.732886438316999) 
(39,9,0.7020327939992009) (24,99,0.7459650423133536) (8,48,0.7600836952167425) (55,56,0.7038669016964235) (86,59,0.6115520859980775) (8,2,0.6777985571660751) (13,11,0.7023382157013639) (13,49,0.6460599211640682) (36,32,0.6875526216250183) (29,50,0.6442107677231993) (27,20,0.7931734034826556) (78,49,0.6579986203229189) (58,76,0.6978506923867032) (86,89,0.7727735399540114) (63,62,0.7691909444389778) (74,16,0.7029583468737248) (2,99,0.7066782542500755) (84,82,0.6835882899216539) (81,52,0.6168970316092812) (99,22,0.7255586874706927) 
(72,86,0.7409737757314578) (71,45,0.6452203998436705) (54,50,0.6919949766030611) (66,53,0.6569028319864063) (20,64,0.8059259672810843) (24,68,0.7096505086181532) (81,47,0.7516395213004402) (65,52,0.7603034406954662) (80,41,0.6786810221181191) (34,84,0.7814813723569045) (94,20,0.6707951658859649) (30,68,0.7237034732766411) (72,41,0.7198014517335427) (59,98,0.7163527717524739) (65,18,0.6240515901570897) (90,6,0.6053239717520055) (10,28,0.7369935729397687) (52,64,0.6718026037685336) (54,99,0.7314409920316964) (27,79,0.7080188686250833) 
(68,28,0.7558739304748765) (69,38,0.6987474590016898) (38,34,0.7272775591568099) (99,76,0.6824797395943247) (23,73,0.5672874794201775) (52,14,0.685446603835504) (67,97,0.7384796901734342) (19,50,0.6382532331583196) (37,51,0.6589738116236791) (42,96,0.6461727088219777) (41,9,0.6234920102227317) (63,91,0.7371934855385229) (31,33,0.6648773599778721) (87,60,0.7975443719341119) (50,26,0.6533426903538805) (12,36,0.5914917425511365) (65,99,0.6370621858219618) (17,38,0.7259342445764256) (51,86,0.6613214034012251) (91,25,0.6374604774309933) 
(39,27,0.7022564057697694) (47,32,0.7866489121793094) (50,23,0.7488390938609623) (77,3,0.7481470352712155) (30,24,0.6261983027625806) (67,19,0.7550942977276438) (68,77,0.652926911791218) (36,10,0.7258898039139265) (6,21,0.7229248021760398) (71,69,0.629987766026961) (86,25,0.732423053003486) (48,73,0.7165598423986452) (4,2,0.6349882597438603) (31,21,0.5863475610609027) (74,29,0.7014916811965365) (2,63,0.6231653979344152) (38,57,0.7038899455849222) (23,60,0.6896425906164609) (78,67,0.778085358153652) (61,32,0.8426212437465976) 
(86,16,0.7024027291698086) (95,67,0.6849177401431514) (77,35,0.6672701500448075) (93,65,0.7508683869631793) (11,9,0.6652898156854439) (64,91,0.7796939085040249) (70,10,0.6708081384514887) (73,97,0.7942899608327645) (76,52,0.6099424913955972) (68,65,0.6915537710136745) (52,33,0.60012430813565) (25,64,0.7829538706073639) (14,1,0.6248905835180276) (74,52,0.6604181209629851) (13,52,0.70031757088827) (11,40,0.6705810343712735) (56,66,0.7079877165385362) (99,73,0.672512703625773) (29,68,0.614654472785091) (96,13,0.6265259699814839) 
(54,84,0.7155853437710745) (80,63,0.7358056773476896) (78,12,0.6539876043753974) (27,69,0.7245696095896319) (56,93,0.6475810834261869) (27,55,0.7013754974760977) (58,6,0.7079740220679936) (75,99,0.710046994087956) (8,75,0.6997765528652024) (18,93,0.7058112178695006) (16,49,0.7140881153794232) (49,41,0.7098709566537756) (89,2,0.673210733537834) (76,50,0.7353435994733791) (91,8,0.7019716659349514) (50,38,0.7425578946476201) (52,7,0.7795585165173937) (61,8,0.7193933179992051) (19,25,0.7165938517088015) (31,20,0.7613690603995663) 
(80,87,0.6823372539908941) (82,58,0.774735007570055) (73,42,0.7036394983509915) (76,23,0.734172494847607) (1,61,0.7684001499646848) (11,88,0.6346443837731285) (79,33,0.6843051006083551) (79,15,0.7220873919367843) (72,78,0.7422037156963098) (51,52,0.6301236483057273) (70,77,0.7009627508265549) (40,71,0.6676933141478183) (15,34,0.7709853458395235) (29,20,0.6863277486401617) (95,60,0.6614562387395573) (99,97,0.7022757405345538) (98,33,0.6769602117935264) (39,87,0.722637896986659) (28,63,0.6623526043960666) (52,29,0.6930277298406629) 
(0,92,0.6463514183860786) (25,38,0.7207939850182531) (15,53,0.6204871019746803) (88,98,0.68305242880576) (57,33,0.7181569881510697) (64,84,0.7771342032339523) (91,61,0.6115306072274089) (38,66,0.7299384831079934) (45,60,0.7536466840377664) (0,90,0.6563158390186287) (62,25,0.6642405239361072) (4,43,0.6932475680770583) (77,80,0.6861406624156636) (34,97,0.6763955963378723) (73,0,0.7251341815625173) (21,75,0.6659572885876374) (22,13,0.709230373384458) (92,16,0.7256755268793073) (11,45,0.6654464526962957) (94,29,0.670643082603967) 
(88,27,0.7077123438750701) (40,73,0.6698452200157385) (4,51,0.7376081024686607) (58,46,0.6054840833770767) (78,36,0.8118886270019023) (97,41,0.5652900564877693) (18,91,0.7521247744696001) (88,0,0.6466236123833701) (16,39,0.6625944470281214) (55,50,0.6080277785512898) (3,61,0.7293455315423599) (69,79,0.7932679225184832) (8,89,0.7149077454295218) (28,47,0.6957818872739145) (55,35,0.697388014611527) (36,92,0.6742562113262771) (21,9,0.6852465365898899) (5,83,0.7021411275684272) (96,94,0.6547044056326796) (0,36,0.7161473195247215) 
(25,60,0.736809034679253) (51,90,0.7053173911066877) (80,68,0.6380476271615667) (2,64,0.5818470285752679) (3,13,0.869951335347276) (29,63,0.6595185961565497) (94,19,0.8115222027201283) (74,16,0.6035374455300078) (2,5,0.7180892953007143) (70,58,0.7865178123896402) (79,33,0.6655697344188808) (55,32,0.7036238069594994) (36,77,0.637775342745856) (69,96,0.6412330659534992) (97,92,0.759843863943463) (31,40,0.786035277350957) (6,95,0.6491274920323058) (43,77,0.6858931157840212) (29,3,0.7688490837416788) (2,99,0.6594585876251131) 
(10,4,0.7146116640940665) (8,84,0.7040996746045625) (69,27,0.699124034601567) (64,67,0.7812460601486655) (42,59,0.7296811599297319) (43,60,0.7131687843517719) (24,59,0.699809289243062) (83,3,0.7331222177035255) (6,57,0.7761712434272467) (36,74,0.7916936162194146) (5,95,0.717317118190769) (10,6,0.6930165542260858) (28,14,0.7288308610650278) (5,7,0.7672369602606316) (65,99,0.7108918556629957) (72,43,0.7324300075146497) (54,86,0.6531796297668) (55,13,0.6312832715144745) (78,3,0.646764199597655) (18,24,0.6807038568243626) 
(66,84,0.6278326425983565) (17,22,0.779947504589467) (45,85,0.7150180503188207) (78,49,0.7210434935929817) (69,72,0.6707715302384085) (73,89,0.7071848067027003) (4,85,0.7223566240602602) (70,89,0.7765844442899366) (34,97,0.6604892532462384) (6,34,0.7749332677231269) (55,74,0.6156570752876783) (30,93,0.7253802391537347) (47,23,0.6877430957188093) (56,18,0.6445851769151639) (38,23,0.5999766634947526) (23,45,0.7157769500502937) (56,87,0.7069319924618418) (81,55,0.7062387948927987) (53,67,0.612407426398688) (41,83,0.737591669277994) 
(26,42,0.6570187631174523) (98,94,0.7554309588161163) (66,7,0.7020414875328582) (9,93,0.7655052450216699) (14,98,0.6274315133818885) (80,30,0.7057912676730936) (96,44,0.6503529151368482) (5,43,0.7042029179468292) (41,94,0.6862467564668165) (9,6,0.7260121398477698) (76,84,0.6579814319254567) (63,97,0.6925914429537124) (55,86,0.722281174118747) (12,61,0.644663582796424) (27,6,0.6973020450579522) (51,8,0.6768699333385507) (15,23,0.7184282539221812) (44,38,0.6354319528434557) (76,32,0.6029458001778661) (26,63,0.6661150906131073) 
(94,76,0.6678778057098488) (8,35,0.7022288271626613) (65,91,0.6933180986854114) (28,68,0.7378512546090005) (55,87,0.622314851816612) (8,68,0.7086548909822497) (10,88,0.7138626630670409) (21,90,0.7479022048692675) (1,62,0.6702502015595029) (6,58,0.7114452589856135) (24,54,0.7408411326310508) (78,16,0.786244669824124) (16,51,0.5996080414321978) (79,25,0.7232507443074804) (5,30,0.6349302179288484) (47,92,0.6768714950398075) (70,52,0.6589733885057467) (15,89,0.7783192879503036) (41,27,0.722979334105249) (21,94,0.6871866071645422) 
(36,63,0.7107315108682517) (89,6,0.7549515058437167) (31,62,0.7049804573873357) (87,23,0.6481289623634762) (87,20,0.760500930278501) (2,94,0.7663401374495741) (3,97,0.8117556460423069) (59,47,0.7194387590767449) (23,27,0.7116720058612573) (79,48,0.6392649667931942) (35,40,0.7092252367915572) (78,54,0.6466375281382142) (61,43,0.6783020845294176) (59,70,0.630252643306333) (25,75,0.7015167698462405) (67,37,0.6553884985789479) (30,20,0.649585703527199) (8,78,0.7531366867218288) (29,41,0.6613498262365454) (38,61,0.681253474464302) 
(3,62,0.7587952148584146) (22,7,0.6499253797641444) (90,60,0.6416375005949312) (99,92,0.7220435110432376) (6,40,0.6646936256652649) (83,45,0.6374787425298342) (5,56,0.7605162980750868) (7,54,0.7263474352505311) (28,68,0.7681665516533989) (37,87,0.7780450038183979) (12,39,0.62214928961586) (39,20,0.7448114554332464) (42,28,0.6646463339820033) (69,30,0.6977337787517941) (79,70,0.7261748977661004) (84,3,0.6383589510060207) (81,61,0.6828374205650225) (24,4,0.6348336293828999) (54,52,0.7748017115759775) (29,6,0.7126175817671903) 
(92,43,0.7208964430133781) (22,39,0.7903806680764918) (23,90,0.650512013986081) (50,91,0.7212820756393263) (65,37,0.765601147571759) (95,22,0.7215186441911143) (96,63,0.6915170706518514) (20,85,0.7127186929272104) (11,68,0.7323918590881027) (64,4,0.717627439323067) (63,6,0.7154021802902456) (13,12,0.6827369003102177) (70,53,0.6250793661750282) (23,27,0.6560813469837898) (54,11,0.652403881897675) (71,33,0.7237011554848173) (2,0,0.6587770278622802) (80,77,0.7793913602854179) (12,57,0.7494026584346322) (30,4,0.6906687053344932) 
(83,86,0.6727489204492337) (93,98,0.6526283694439567) (22,64,0.6790054881917507) (14,16,0.7232999236402644) (46,88,0.6308300945048938) (11,50,0.6243615778134216) (49,95,0.7826307461576075) (16,85,0.6804016021196418) (58,98,0.7373442139005539) (84,2,0.6208952497929748) (53,47,0.6298478531484633) (18,11,0.7341562529632374) (76,48,0.6752330897597554) (43,56,0.7085805036458589) (88,33,0.7380918039844756) (31,95,0.7315035963631782) (47,20,0.7028310064706753) (75,53,0.6937522331601047) (10,84,0.7390427254757903) (14,71,0.6407498744381013) 