(67,25,0.8331627735886102) (55,14,0.8750661992406701) (5,45,0.8403117187885275) (96,55,0.8821337973616061) (28,53,0.8997259073185181) (14,51,0.8454612788175432) (77,41,0.878122901893522) (17,24,0.8444499873625797) (7,79,0.792429987313922) (67,31,0.7859115684579737) (6,92,0.8654159228494794) (82,43,0.8549311247421154) (84,21,0.9099999940481694) (84,55,0.8468375779934666) (52,30,0.9169550013722759) (29,42,0.8122447052805936) (48,70,0.9463999523650493) (81,82,0.8368609500644284) (71,52,0.8094046558275272) (32,60,0.8221030861635383) 
(44,47,0.8897449510699054) (46,98,0.8093559189412993) (39,34,0.8637416774510441) (11,23,0.794239941969292) (84,2,0.8011307752744508) (89,57,0.8628788417464425) (68,52,0.8856589503113692) (51,13,0.8598822771802642) (73,51,0.8700558535749278) (69,74,0.820487173773054) (69,82,0.7937707562852092) (49,72,0.8874414733151472) (15,57,0.766206688188002) (47,55,0.8436249433979809) (84,47,0.8308380006635708) (33,44,0.8865696564930573) (35,56,0.8875340382103939) (48,59,0.8034971566101535) (77,40,0.836250281979368) (40,6,0.8936589927393221) 
(13,67,0.8198046100352279) (67,27,0.7745824101628658) (85,1,0.9108704873022726) (52,62,0.7211910067655056) (98,70,0.8652025517666483) (12,46,0.8267051940000583) (10,18,0.8606262551875339) (75,43,0.8465982511502155) (28,1,0.8482125881207655) (82,55,0.892407754250314) (70,83,0.8921431894956857) (13,43,0.9050773028236409) (41,38,0.857101564250691) (68,85,0.7782722633524353) (61,73,0.8956250826263501) (40,60,0.8472714589448196) (81,34,0.7991659364929575) (23,21,0.9147251284731787) (35,85,0.8535925225302615) (33,15,0.8111817934112915) 
(87,27,0.8729301549443246) (25,77,0.8284214533389981) (19,83,0.8239184705086133) (97,66,0.7391930548265254) (66,80,0.8124399439501149) (93,17,0.8431470380599225) (40,85,0.768766455935556) (45,7,0.8716124256965307) (78,79,0.8838422079385582) (7,95,0.8694644463779496) (69,95,0.8657327823259329) (63,9,0.8373072259064834) (85,81,0.8488870520344554) (31,43,0.8981647801630764) (45,19,0.8829400817794318) (89,63,0.848098422732631) (95,29,0.889926632037536) (9,46,0.795930819145873) (55,90,0.8111747472185323) (39,62,0.904971196140951) 
(13,64,0.8127672878745492) (13,97,0.8655882755372567) (7,83,0.8510864240057101) (62,23,0.8692573282049917) (9,21,0.8392824661814027) (57,91,0.85738092747804) (72,94,0.8819892274275342) (68,13,0.7862603432659298) (86,84,0.8782718240277206) (69,92,0.9100276460016491) (35,52,0.8587687265349738) (9,26,0.8008211313740101) (21,55,0.8784180213071038) (61,1,0.9054768066104287) (39,72,0.8601882538519059) (54,9,0.8972894025801018) (21,16,0.8627155701795158) (3,73,0.7604439682437768) (29,42,0.8465265756817858) (92,84,0.8624251882481724) 
(39,49,0.7769504218425689) (41,63,0.9057547144961371) (6,48,0.8940176395906806) (37,42,0.8460030812232311) (45,65,0.9234488195349227) (87,64,0.9427766495662763) (76,85,0.879724879469099) (96,65,0.8659389956113294) (14,10,0.8988477455482672) (8,39,0.8758747442831571) (78,42,0.8527195917514588) (29,48,0.8466570831138762) (45,40,0.8565359913856269) (72,86,0.8197989873346411) (33,91,0.8415109740891603) (34,56,0.8809614021002661) (40,1,0.7392061573430238) (19,29,0.8399235942231995) (61,88,0.8486568054628455) (79,72,0.8477719168409493) 
(66,71,0.8742315304462649) (39,25,0.8393438660480437) (88,74,0.9537415690797253) (99,45,0.8127759303026592) (34,8,0.9282101568330878) (32,33,0.8823041615456998) (36,89,0.8643581440447828) (68,52,0.8610625761556318) (91,95,0.871081022792332) (86,2,0.8345837702827729) (87,99,0.8389689984076609) (8,80,0.8694992192673607) (33,68,0.8573959994099402) (96,7,0.8744145855380354) (80,25,0.8986203309111993) (0,69,0.7884252153888419) (95,62,0.8409578409072097) (88,82,0.8043984808411285) (11,34,0.8779564786387751) (26,52,0.8656126929609304) 
(20,36,0.8040761733962494) (20,49,0.8055471168023095) (45,92,0.8756168038009208) (66,93,0.7873424825024253) (33,16,0.8933279503843309) (23,69,0.8355561356563419) (87,94,0.8875882473751205) (61,4,0.8932004996633487) (20,52,0.8956365930553326) (1,12,0.9285234285607794) (9,86,0.9349008735294697) (9,21,0.8992510386276974) (40,43,0.8419797852131733) (32,8,0.7311386791547336) (16,75,0.7819710855885028) (20,31,0.8610481808580159) (41,25,0.8645155013925419) (22,65,0.8495972084494401) (17,90,0.8460274512734055) (40,79,0.8190555140484205) 
(48,78,0.7905603637999536) (94,83,0.8002741029270349) (5,27,0.7774819808621166) (69,15,0.8240493707398421) (34,13,0.9080243608351981) (80,86,0.7293255277607782) (33,89,0.8753562994765539) (99,7,0.8835133237048426) (59,72,0.7292647613577862) (63,87,0.8493654963871513) (85,94,0.8677333083273103) (33,26,0.8763372681361837) (74,61,0.7569705190812805) (66,2,0.8719019927929355) (20,54,0.812284779955817) (58,86,0.833716864420014) (10,29,0.8423722486015364) (4,22,0.8784791445791844) (22,18,0.8281754321292044) (75,85,0.8300617557419788) 
(48,47,0.9140048770314493) (24,45,0.8329236993409164) (96,4,0.8796098362646563) (80,53,0.8253149679565549) (81,94,0.8619246487032004) (4,72,0.8310918765739765) (8,40,0.8346946920306046) (47,20,0.854973432073532) (97,63,0.7801408298570606) (70,81,0.8096040022216868) (51,83,0.8289323238564542) (93,67,0.8375213892033398) (52,83,0.8841501871188915) (15,58,0.8181204400869881) (27,97,0.859363237240625) (86,19,0.808171250199826) (58,95,0.8502696186536585) (83,22,0.8553817958941891) (87,84,0.9345566585447459) (26,87,0.7363606552251503) 
(11,71,0.7730309467621784) (33,75,0.8566568441974766) (2,41,0.8515169790713567) (36,9,0.8483475450575177) (91,22,0.8822292176802398) (0,83,0.8891675772055905) (66,48,0.8703593904223219) (6,11,0.8307422493629235) (25,29,0.8421474988178822) (28,25,0.861172982876241) (5,77,0.7395744019825025) (54,28,0.826461803934078) (22,5,0.8302093954579662) (51,60,0.8541770680057166) (61,20,0.8592124418695002) (97,8,0.8868693676755259) (33,59,0.8954548422347788) (96,12,0.8616310743340009) (9,76,0.8605381224212506) (79,77,0.8107549714523896) 
(48,71,0.8530491811757324) (45,69,0.8589849024342654) (77,82,0.8199881863096046) (86,79,0.8723785734486286) (47,15,0.9301888755940144) (42,98,0.8043917418306274) (45,57,0.9189738952290751) (0,8,0.8391852159423793) (35,45,0.7420491688311815) (16,9,0.8518224496323457) (25,55,0.8363336715522985) (37,95,0.8580700147265886) (6,2,0.8511638080051255) (63,36,0.8100960695195234) (8,26,0.8997999584282744) (8,23,0.8010468138665928) (89,42,0.7575900880875781) (3,27,0.8641274304063886) (4,40,0.8440589115848618) (68,93,0.8846500974931706) 
(85,48,0.8403206007451941) (4,0,0.8513297603556222) (74,82,0.8807701155503871) (99,77,0.8416464600003695) (63,3,0.8413437131985215) (84,63,0.8875175320259114) (22,55,0.7872618523253413) (94,93,0.8938764016840235) (19,62,0.8150435862753841) (13,69,0.8702897925845035) (38,90,0.8446241620645946) (68,72,0.9166669830453498) (61,41,0.796397270557663) (62,23,0.7983602392988433) (44,43,0.8703651147155559) (23,22,0.9087716874114926) (94,69,0.7650492916130616) (99,48,0.810017528445615) (31,70,0.8340582162905991) (92,99,0.8691341017216688) 
(84,44,0.8774326867862412) (23,30,0.850838855830328) (43,12,0.874576825451719) (79,30,0.9479669597283611) (38,1,0.8867601599122612) (76,87,0.910047517315028) (26,88,0.8094629537468667) (51,94,0.7843602996463969) (30,53,0.8297360520110494) (7,79,0.7838508261163731) (80,24,0.7933300247255919) (45,4,0.8580068482035343) (1,14,0.7202982249814777) (62,92,0.8327910330346792) (33,2,0.8685746000436241) (35,78,0.8850028387754605) (36,71,0.890350821933867) (35,30,0.8133416381496915) (28,10,0.8781879436526439) (15,42,0.8316524117963744) 
(41,40,0.8970428970886237) (39,91,0.8723413536158552) (0,79,0.8262882807838937) (59,46,0.8674550099832067) (60,0,0.8326331499992119) (23,62,0.8002855542833714) (71,2,0.8816321101794307) (81,86,0.8479796439665971) (49,43,0.7841105834378673) (11,64,0.8520922384034482) (74,69,0.8666003665400411) (65,38,0.8003964213261733) (67,61,0.938834450961288) (9,25,0.9023039226348657) (83,72,0.8463867022781022) (70,55,0.8505412271114959) (30,82,0.8318260247875364) (78,98,0.8099261583996191) (78,16,0.8371076817578926) (50,17,0.8474826223760404) 
(38,18,0.8466083856505588) (37,33,0.8740500219924175) (27,53,0.8736171829863045) (1,32,0.8293599369382599) (82,41,0.8708406561302208) (66,94,0.8317215193838896) (36,73,0.9131977553482669) (78,62,0.8099172624221436) (83,29,0.9162746913303097) (44,36,0.9484289715258508) (69,80,0.7824415755600763) (87,6,0.8964409976159755) (66,54,0.9023326728979156) (45,0,0.7996413467576113) (89,62,0.8088788849656164) (42,37,0.8440745579954146) (29,57,0.8750142173724029) (74,4,0.8948689309831337) (28,37,0.8511471276449387) (3,73,0.9870307236159583) 
(32,67,0.7755021568024931) (58,68,0.847310845024653) (10,88,0.8496723034883039) (88,56,0.7694753452813456) (27,42,0.9077863934171955) (37,13,0.838167208619863) (4,76,0.8093610953779846) (98,20,0.8171596249541458) (70,22,0.8168484021678775) (1,28,0.8426128307287) (66,90,0.8755045856491098) (52,8,0.8678048035783111) (19,16,0.9055663770241176) (69,18,0.7763444663360834) (47,29,0.8689115808836704) (25,68,0.8783294258006675) (77,98,0.9075854906488332) (87,74,0.7945214698497423) (90,34,0.8133553092677526) (61,42,0.7925562562045549) 
(86,28,0.9053305822872851) (41,16,0.7993846100212082) (20,57,0.7847399578008116) (90,5,0.8827023397679098) (22,28,0.9614376586435945) (68,86,0.8909679180196927) (75,14,0.8637773556604817) (11,70,0.9238897378206243) (39,75,0.9454900126771829) (8,62,0.8995448253586606) (90,6,0.8557266296226792) (36,91,0.9114967796256344) (55,74,0.8947862744900634) (29,52,0.8299223891041037) (12,88,0.8503145796768962) (46,58,0.8331932492727874) (39,7,0.8678508077960447) (26,66,0.8516217014105872) (60,0,0.7911501815271943) (91,44,0.907874935173295) 
(27,14,0.8074062215585245) (12,3,0.7740862532334888) (87,27,0.8082680649584085) (69,32,0.8728871480598672) (11,92,0.8585926775699286) (13,12,0.7516367229494172) (56,99,0.9003596610865224) (96,6,0.7998413092041432) (61,17,0.8645870435914086) (99,15,0.8106588922317318) (24,55,0.8346754712360123) (99,90,0.8613948725008964) (88,10,0.7882388481203387) (9,70,0.9228034595460624) (33,11,0.8512676691262968) (87,28,0.9409103008161057) (85,21,0.7839725266238956) (84,76,0.9282835398571629) (84,2,0.8404073875845114) (75,20,0.8433484684448961) 
(9,52,0.837657644120554) (97,48,0.8180577560717107) (83,78,0.8107050198935125) (40,26,0.8102998689307681) (28,67,0.7832599310221564) (0,64,0.878065071467939) (93,79,0.8125223517582787) (70,90,0.9239805222257437) (58,88,0.7456404509790497) (56,21,0.8130048452449826) (60,9,0.7829666504496253) (62,90,0.8034059374949571) (53,61,0.9082428010759257) (20,41,0.8796177211077666) (83,33,0.8636739138663762) (78,37,0.8523161990974706) (54,92,0.8679575194870873) (14,39,0.880644891214214) (41,1,0.813416737344711) (39,71,0.827392439456137) 
(91,21,0.934356274980279) (70,12,0.9377785236723652) (12,36,0.8314656504526782) (36,78,0.8960393227003951) (46,67,0.9086020269314163) (49,44,0.795660154333341) (49,62,0.9188244153917023) (41,86,0.8444325200965861) (37,21,0.7303938489467708) (53,30,0.8935419691328145) (30,56,0.8994241408772858) (29,11,0.9281638456745523) (3,65,0.8514411810256677) (47,51,0.8462398475578424) (7,9,0.8758678160176776) (66,7,0.8588324096946891) (40,98,0.8469846547714962) (69,4,0.8659288574641401) (79,60,0.8750437472999559) (62,76,0.8691741486602196) 
(28,96,0.8131333771315171) (72,39,0.8735998645513132) (60,45,0.8822749563980937) (11,89,0.8692014908539455) (6,74,0.8566931018944853) (46,2,0.8353594185289606) (9,32,0.8110515862092583) (29,30,0.8878233081860133) (1,66,0.8352593995784724) (18,65,0.9052317531870593) (35,5,0.813455400556584) (83,4,0.8507873335772397) (38,86,0.8926472407387298) (55,91,0.7955895387572816) (56,33,0.8199966056952727) (40,23,0.8047619663313587) (25,20,0.9213304595950843) (43,6,0.7655835966055375) (30,92,0.9414695504750711) (68,2,0.770124168139965) 
(1,25,0.838452320416427) (7,76,0.687301933031545) (8,75,0.9376242021685524) (97,39,0.9598664934175085) (50,62,0.9477738017717986) (14,21,0.8294914914468701) (33,86,0.8602301032705582) (88,44,0.9196657793382805) (93,24,0.8451220904173268) (18,72,0.9242227646333725) (67,3,0.7930518242831276) (68,25,0.8204635656633811) (91,84,0.9370324090103743) (85,38,0.8344355745490161) (69,4,0.8435620338155364) (54,75,0.8367437352090834) (81,43,0.8315935706982909) (34,3,0.8240739635080045) (0,43,0.8735403764557446) (3,26,0.8221124230047462) 
(19,18,0.8201057147595568) (63,0,0.8171304152997958) (16,99,0.8115515338074732) (65,51,0.9123349249783349) (15,34,0.7530249067367805) (64,97,0.807581705030883) (1,49,0.7912022219134734) (87,51,0.8688507512513673) (59,52,0.8770631466752492) (71,21,0.8729449258125522) (4,76,0.9186910565631686) (17,89,0.8599870295294831) (17,41,0.9402940643226422) (50,12,0.8170191839186253) (4,54,0.8141287437332898) (83,54,0.8386283059162966) (99,23,0.9065555223547442) (38,28,0.8303005442976543) (2,36,0.9506806570585584) (45,11,0.8403645418886568) 
(74,58,0.812584257110052) (37,83,0.8170025937742581) (12,38,0.8565973824042166) (5,97,0.8069887095337558) (16,27,0.8070083058499915) (53,55,0.8677098286342806) (36,23,0.9265371769293291) (16,67,0.9221664132049532) (31,67,0.8942854249367713) (96,9,0.8707380157921766) (91,31,0.837856541992628) (21,33,0.8591135335041092) (85,90,0.8926392852215177) (64,48,0.8606197924166472) (2,88,0.8913395491884167) (98,23,0.8139086643210776) (77,62,0.8578794427191914) (18,79,0.7386294557955323) (28,37,0.8476876467266095) (66,76,0.8518096159806623) 
(2,73,0.8040686675838046) (20,57,0.8445222417951815) (21,56,0.7969451893799269) (31,20,0.8180987053728987) (59,71,0.8962131475214635) (97,31,0.8347061352447218) (83,58,0.8301144928986633) (73,1,0.86348157762767) (55,27,0.8146579174397265) (60,41,0.8082466610833832) (0,4,0.7779841187814192) (79,66,0.8670557121657215) (45,94,0.9103614184353723) (54,80,0.8274937698270013) (9,29,0.8436555419798284) (4,37,0.876768391478953) (42,23,0.9413282270209435) (76,64,0.8561807732363985) (10,87,0.9407420422568205) (63,70,0.8749230495876136) 
(17,99,0.8173802986490731) (33,46,0.7660705930490168) (44,45,0.9538047869206961) (67,7,0.984208153399059) (61,91,0.9006136806770088) (72,82,0.9120715157608458) (92,47,0.8563078087611027) (69,96,0.881894119151479) (66,9,0.7884865340028236) (47,16,0.8257484610192849) (27,22,0.8570551494930254) (82,12,0.8609681049989155) (77,88,0.9102116860720414) (45,8,0.8981840235315183) (12,36,0.9263307312009535) (26,25,0.8351097657946336) (92,30,0.8926261873167756) (47,14,0.8618768885998361) (87,95,0.8508404683797892) (93,14,0.8598107800871658) 
(96,26,0.8845626968897099) (71,29,0.7861715448078652) (9,65,0.8555489928314263) (68,94,0.8817069178943309) (15,0,0.8323723125869841) (57,70,0.8648397299048863) (81,10,0.8703805271771146) (0,46,0.8356169018859939) (55,88,0.8406751904866353) (43,85,0.8075242323697983) (80,94,0.8357763979392199) (18,77,0.8640836380338159) (86,98,0.7434925654746076) (4,5,0.8130344335173343) (53,47,0.8735576552538986) (25,19,0.864519837618498) (34,97,0.8616528921441462) (87,27,0.7879844992714097) (71,57,0.8667729990780175) (6,34,0.8830523849221887) 
(58,35,0.8606694313963243) (58,50,0.8314243557247855) (90,18,0.8557605023165789) (10,6,0.7783995897599872) (92,98,0.9126725847649331) (45,49,0.8299714370886913) (80,83,0.773953302427661) (23,29,0.9053795574830155) (76,8,0.8884342299632955) (84,73,0.8095865350493695) (95,62,0.9184692357919917) (77,63,0.9138315833102821) (1,26,0.8197037689855294) (35,76,0.7927775806459251) (0,54,0.8364561353492935) (82,69,0.7704236767513858) (99,98,0.8975933079796469) (60,8,0.9230676830332372) (60,89,0.8778612100026612) (26,27,0.7749416251851192) 
(92,4,0.9482510277592824) (30,19,0.7624054864711134) (96,68,0.894597543496591) (68,9,0.8743046204786651) (81,83,0.891056955482243) (63,52,0.8465528251705995) (26,22,0.742769125218043) (26,81,0.8107469256128913) (37,8,0.875496891444445) (23,88,0.8202834957973292) (79,71,0.8718509964616096) (69,70,0.948071868997632) (99,45,0.8667749661138436) (13,83,0.9260927752685448) (74,8,0.8531097686485498) (60,98,0.8253953339933584) (44,53,0.7856620398599847) (3,51,0.9003317397656007) (45,90,0.7719801098817131) (2,99,0.8630176403220127) 
(63,71,0.8430540595420338) (30,47,0.8415663166358375) (85,15,0.9398180730542542) (89,20,0.8867412580471189) (8,54,0.9057406395163102) (5,15,0.7941738222874812) (25,49,0.8658265426735421) (77,21,0.9735992909904666) (67,85,0.7940143020389935) (20,43,0.8154762395766123) (1,80,0.8347235081290905) (44,94,0.848344287122966) (73,21,0.7900914860969159) (72,58,0.8663795165495098) (63,60,0.8733359771620172) (11,41,0.8727519332814391) (46,97,0.9559866703938442) (72,85,0.8475834949849601) (0,45,0.842862692194903) (78,83,0.7808410630714391) 
(18,93,0.9560742904236081) (1,68,0.8370447372289781) (57,21,0.822406284204326) (11,58,0.8479857634561121) (55,32,0.7779301775251443) (9,90,0.7615584825068602) (84,33,0.810326792662523) (5,28,0.9265253586651114) (45,33,0.7594017638772337) (14,78,0.857115523036866) (9,19,0.8673604270508607) (40,75,0.8511935960277061) (8,15,0.809394634846664) (53,46,0.8616427555104524) (28,61,0.8084394715802805) (83,97,0.9532180785292043) (84,52,0.7917644838431618) (26,59,0.8293982792802006) (18,83,0.8681412318266711) (42,48,0.8070887403334431) 
(8,78,0.7889411955808507) (64,84,0.9615016089711592) (42,3,0.8750559694026674) (96,97,0.8555891549736648) (52,76,0.864517723025318) (5,97,0.7741168451102401) (32,35,0.8116800027824683) (89,24,0.8752726295841172) (45,71,0.8313567820317963) (95,47,0.8418581583731158) (77,21,0.8528896639866018) (99,75,0.8314007250437222) (45,80,0.8342046487057206) (53,2,0.8686433436059912) (90,74,0.8586392902476118) (53,40,0.8346095683712434) (47,35,0.884980112140477) (80,94,0.7963717600305176) (99,7,0.8712754729758918) (13,1,0.9381815086504234) 
(40,29,0.8701255555817189) (85,9,0.8210308447394102) (75,92,0.8159866778715134) (31,6,0.8125921949283885) (33,17,0.8643596941245992) (23,57,0.8175602947695564) (77,74,0.8290914005961119) (68,20,0.875686935806143) (68,94,0.7851921746182979) (46,11,0.8874349035340122) (1,49,0.7832464727314242) (5,92,0.85022061858405) (19,57,0.8908014719049882) (47,34,0.8273523564530184) (75,76,0.9149497198559108) (75,90,0.8369261363790707) (77,67,0.8202244106764491) (63,27,0.8616037260467485) (96,6,0.7560895181458538) (29,70,0.8134517910486095) 
(87,8,0.7922407749725875) (76,10,0.9150774477601253) (50,0,0.7863417783519377) (14,57,0.8319617709303349) (9,21,0.8910812852857148) (20,51,0.8252797239196218) (90,54,0.8939286142090751) (23,25,0.7529575897954802) (78,16,0.8518077540972234) (24,23,0.8853896435964362) (45,78,0.7675988978267105) (2,58,0.779610420027556) (29,93,0.8784601794308511) (12,0,0.8884637067323224) (60,90,0.848054541221506) (52,35,0.875156779002785) (43,91,0.8661695779777158) (29,14,0.9123423600995194) (23,27,0.8712366697815201) (72,50,0.9471290743506385) 
(49,61,0.8980129313151003) (49,89,0.7732245606535963) (89,33,0.7351452270183974) (10,55,0.8234926817588338) (51,87,0.7889557738633038) (75,82,0.8728974668768026) (78,48,0.7655631363766215) (74,6,0.8586255574355476) (3,61,0.7525285250620584) (57,68,0.7560307484977818) (5,62,0.8728018191654263) (57,52,0.7745181870823987) (85,61,0.8977957515874586) (23,71,0.8300593510133667) (5,84,0.8618662551953379) (26,92,0.8058860375850518) (47,97,0.789932533634755) (66,45,0.9281797488808317) (46,56,0.8880173764358933) (83,67,0.8195495746890274) 
(93,15,0.850914182437621) (32,25,0.8744018270467214) (1,69,0.891568891376373) (56,23,0.7536117607304932) (1,37,0.8604687831257782) (24,88,0.7673210330411235) (65,94,0.8423220668374445) (5,45,0.8123265556287492) (73,84,0.8187544351446746) (91,86,0.9192268447477616) (18,90,0.9587150120506451) (69,77,0.9094822429912311) (79,35,0.8751718937583759) (52,82,0.8857053368970548) (17,56,0.879386484677348) (63,44,0.8954254520380177) (51,47,0.8054951021446205) (21,50,0.8631330568873262) (3,92,0.8381300180925968) (63,25,0.8412180336334716) 
(6,58,0.7453957362239609) (36,60,0.775750034693054) (31,93,0.8021221024105156) (12,29,0.7732627014768161) (46,85,0.9210242544801842) (97,65,0.810590831352223) (83,49,0.7712357215702181) (46,69,0.7992674495664999) (56,23,0.9350148144038055) (4,64,0.9158016244862852) (39,75,0.8719691314623804) (86,53,0.8464579503512242) (79,82,0.8477376716394955) (63,68,0.8289045788867813) (3,83,0.7883835458273557) (8,27,0.8246969091485112) (25,7,0.9087377529869832) (9,57,0.9029511690233238) (85,63,0.7983430535748585) (5,81,0.8502356950243593) 
(36,77,0.8773375597687851) (15,90,0.8735663326210089) (40,36,0.8340056056739782) (8,1,0.7942786955476703) (48,5,0.8309473596221607) (58,59,0.8299404510117062) (16,42,0.8344482627357361) (98,69,0.7421031577961671) (71,50,0.8564407447213273) (27,0,0.823130410998056) (18,43,0.9452250965904295) (50,81,0.8863734109266443) (37,84,0.7841686832118164) (28,75,0.8202712945076981) (14,17,0.9201038498983044) (45,17,0.8265753503546267) (80,20,0.9148255717741406) (38,36,0.9151726887955083) (75,92,0.8109847597403562) (45,44,0.9326040331179299) 
(76,64,0.8086781212969163) (33,21,0.8255784261034765) (16,6,0.8333240385911418) (39,80,0.8978165384300678) (88,50,0.8098803931046584) (2,37,0.8786055844062545) (8,7,0.7447287728149223) (65,33,0.8605633004833212) (39,59,0.9179045477309756) (88,69,0.8949513364539841) (39,5,0.9047539631218089) (90,6,0.8734534508839609) (51,6,0.9003480356908125) (93,18,0.8873014764017043) (84,40,0.8360781772983376) (96,63,0.8699495829607773) (31,11,0.9144718841041533) (64,78,0.8735546312621911) (31,57,0.8070141656464946) (19,94,0.900684406127098) 
(21,53,0.8121310509962031) (51,28,0.8273991414154848) (66,78,0.8318009084316322) (52,31,0.8631873381398223) (72,7,0.8221883939471093) (84,15,0.8470650101122349) (75,10,0.8996513251690667) (42,43,0.8242638283229686) (37,65,0.7192878110977032) (69,32,0.9523798989446113) (43,25,0.8402274870663328) (86,23,0.8052278300826262) (9,48,0.9083262400008277) (19,18,0.8328450052964647) (40,88,0.8127418718457257) (56,92,0.8070142741630344) (72,86,0.8245092553083729) (76,65,0.8303979392151821) (62,56,0.734586672241532) (69,8,0.8622775167421878) 
(30,35,0.8179386355663031) (8,83,0.8629045057101483) (84,13,0.7820071480514825) (32,77,0.8585597500414867) (54,47,0.81474751813354) (46,33,0.8971237709981661) (15,95,0.8616832096226679) (64,56,0.9791644437096781) (36,82,0.8547199643562604) (78,95,0.838906671676287) (64,59,0.8788156503773644) (17,49,0.8792606508918462) (40,28,0.8823964900130189) (22,47,0.830308900335134) (98,65,0.836269127772781) (20,42,0.8355462670227392) (35,6,0.9368199154342167) (15,64,0.8092851061501438) (56,85,0.824601535373774) (47,15,0.7416069567877827) 
(66,27,0.9192692126487068) (72,17,0.8536935106487361) (52,19,0.8490034584050531) (38,34,0.841501163575962) (24,66,0.8020504348749247) (57,24,0.8714891515321633) (17,39,0.9451491174215855) (79,42,0.8460412676237494) (43,58,0.8675725236766577) (8,12,0.852009134053875) (36,63,0.837867342822759) (79,54,0.915729473652175) (44,17,0.8602069187308694) (54,93,0.8387100262143543) (5,48,0.8274832615669688) (41,83,0.8981067475033063) (7,44,0.8754738324625637) (92,68,0.7968256908353287) (13,26,0.8721752478842821) (37,54,0.8467712487689963) 
(46,47,0.8345333396092173) (34,48,0.837895644502307) (51,42,0.8591446008687554) (9,16,0.9521515435310535) (65,4,0.8998213266109637) (53,80,0.9404964908498169) (75,44,0.7995905190044921) (49,88,0.8437286648957888) (16,73,0.9315364064363536) (16,39,0.8162098328980439) (5,21,0.8572326698679226) (41,55,0.8412106879399095) (28,50,0.9144423842120676) (0,19,0.8366253789245948) (4,95,0.851640446491202) (3,73,0.8951176261075301) (43,19,0.8351486150168443) (82,55,0.9069410326073247) (68,3,0.8150676968811335) (31,48,0.8909932667400102) 
(54,50,0.85477603871406) (55,96,0.8860814629504495) (30,78,0.8825061320533114) (30,53,0.8678722141372526) (91,35,0.8767310506775503) (31,95,0.8543515223052088) (63,69,0.7996887401137139) (60,56,0.8605781391405972) (80,29,0.8300102934307577) (72,94,0.8634743002457923) (26,20,0.8234821050447046) (74,35,0.882021201184198) (53,37,0.8283443921490046) (60,11,0.7946408627802768) (85,43,0.8737232102128488) (88,7,0.865911137402823) (7,15,0.8444901577985483) (4,77,0.8726163434153654) (38,25,0.8768996392841951) (54,99,0.8512557708448751) 
(77,37,0.8565302371968685) (18,15,0.9038358858357881) (78,31,0.9156757345971889) (96,77,0.7761435925303284) (73,40,0.8334406054401056) (51,62,0.9980541877364608) (49,43,0.8035955404963175) (36,27,0.9159870833687509) (21,61,0.8978822387498728) (96,4,0.8764150310541851) (23,32,0.8274450480809339) (25,71,0.8187190927282477) (17,33,0.8722803323844612) (65,3,0.8047022041448124) (63,98,0.8337562256313917) (11,72,0.8872971592138693) (42,47,0.8066970235849975) (48,80,0.878231721986508) (92,7,0.9310232369217598) (75,41,0.8162749128398487) 
(15,22,0.8104297826179213) (45,77,0.7912586001557079) (81,4,0.8663804827496742) (16,34,0.9367246195429505) (93,59,0.8849828777734698) (82,87,0.8161110086221046) (84,48,0.8150826672908745) (30,80,0.7886613090419796) (12,29,0.893672593980866) (77,5,0.8725227313457985) (53,44,0.9057744706697318) (75,32,0.7971792730349205) (64,20,0.8602864218100086) (28,19,0.8428246377300949) (52,98,0.906385401441506) (74,44,0.9031586585638223) (1,24,0.8749246034710202) (77,80,0.8234660973481001) (61,78,0.8334216832027057) (47,90,0.8206890488612861) 
(66,11,0.790616672052641) (83,89,0.7844764078583079) (59,79,0.7923473142964159) (76,31,0.897491760967333) (20,3,0.7667482764967348) (9,71,0.8580131451906616) (56,89,0.8905279185229444) (7,50,0.7587843313149871) (48,67,0.8688139945212752) (84,9,0.847994650301835) (47,43,0.8315381738426149) (71,12,0.9048926111368716) (84,52,0.8710725347026606) (48,25,0.8618292352093949) (76,33,0.865909453214064) (14,1,0.725776570343156) (32,85,0.8391311817478536) (32,6,0.832122370941439) (1,38,0.9131120178338253) (19,30,0.8584185432549258) 
(44,76,0.9031769036261953) (20,39,0.8478204147320305) (23,18,0.7754463456032833) (14,21,0.9417564101196049) (24,72,0.7673136837388741) (81,2,0.8519982574944276) (44,77,0.9037748973606942) (17,72,0.8937898687443102) (87,42,0.8407514543683373) (84,6,0.8054926368607577) (3,13,0.8131509058461897) (21,68,0.8600587626597025) (31,68,0.8358968606029333) (38,47,0.9112234840375113) (6,43,0.787786014867641) (4,9,0.8903122372346117) (19,79,0.8388334897663078) (35,39,0.7931409644671433) (37,85,0.9155893001431424) (75,69,0.8572194906314372) 
(6,39,0.8925894730856797) (72,41,0.8918203112127424) (16,59,0.8778706881575984) (87,73,0.8056010102870179) (43,60,0.8481493201598366) (51,15,0.8543973821280364) (27,24,0.7670839886929843) (17,82,0.8599428832005999) (4,28,0.9409888747566945) (81,13,0.8476672196876897) (80,63,0.8102405314209021) (46,66,0.9068144037792325) (54,9,0.8649426718375852) (7,48,0.7795993459669843) (95,43,0.7968605579373347) (37,32,0.794952288666418) (8,62,0.8804846649666748) (14,71,0.9054283571265236) (9,75,0.7460425321867066) (77,67,0.8499353259198066) 
(55,58,0.8465158348503135) (77,30,0.8599992283092068) (15,98,0.812818829120735) (40,5,0.8278643762628288) (16,43,0.8793050639723233) (28,0,0.8305015546374517) (55,27,0.8805821435209629) (33,56,0.8893276170932846) (75,95,0.7797453797918316) (55,32,0.8376572362237356) (72,46,0.7727646576570849) (67,59,0.858976630347114) (91,97,0.8415002935987326) (43,82,0.8815152936483364) (35,65,0.8567362693509248) (72,70,0.9122112774526062) (27,61,0.8356708844875639) (2,81,0.8623567984587913) (17,87,0.8418815702515319) (77,89,0.8792284517789439) 
(59,43,0.8403604568835) (59,36,0.8392838378801024) (74,77,0.8218750749762118) (9,13,0.825248679857605) (86,89,0.7928089009353234) (48,69,0.8526794875277126) (89,66,0.8098888269118302) (94,9,0.839232545730543) (56,5,0.8485167562442204) (77,62,0.8445489341510212) (67,11,0.7615739750750694) (98,14,0.8822737706139591) (27,65,0.8756710275237399) (90,35,0.8635238669934369) (59,93,0.8300197266701433) (72,46,0.9088217024800067) (94,28,0.8886453426136591) (59,63,0.8852384056276619) (73,88,0.826188140830375) (41,90,0.868425308499324) 
(7,29,0.8615702713969869) (95,75,0.8751630168565592) (16,69,0.7665810438589165) (78,25,0.904936969295797) (92,86,0.8475285340722207) (43,40,0.909773859021239) (71,22,0.8478879986452122) (2,5,0.8935267870708807) (40,36,0.7903051166400433) (21,80,0.8858754764029874) (35,57,0.7896924634609027) (60,30,0.9713767759003163) (46,9,0.8860182559356665) (38,47,0.8913746322168714) (31,78,0.9394794209406672) (1,10,0.8442798445119006) (51,76,0.7901097900652713) (18,45,0.8054745267918734) (19,33,0.8762930057041575) (85,29,0.835393168021378) 
(69,47,0.8323250897030193) (8,0,0.9419737019457333) (71,46,0.8579851347223338) (94,36,0.8613581729644364) (47,3,0.743323434217444) (64,42,0.8493006689927637) (9,95,0.7785141214125249) (85,68,0.9066104546194956) (98,88,0.7916831867374615) (5,58,0.8830089638572086) (56,57,0.8661291410930495) (58,63,0.8331305300378494) (58,67,0.8897604172189457) (48,66,0.7881999332591042) (10,79,0.8635514274657586) (90,71,0.9225313169766237) (82,7,0.9045958393795911) (72,58,0.7959026754518929) (14,55,0.8380428739451175) (67,2,0.9163451106943953) 
(88,86,0.8438239456022639) (72,68,0.9125860863807694) (86,84,0.8724391147670045) (29,65,0.8306545881736365) (87,1,0.9041873846168088) (72,74,0.801414795002752) (22,98,0.8286892067104152) (61,30,0.9029724751267483) (18,34,0.8373573185044335) (94,39,0.9005579848511994) (16,63,0.8488086171561373) (87,99,0.8194723371320205) (40,16,0.8906649915569651) (11,40,0.902596595009462) (62,65,0.8758941573453258) (65,44,0.8710880528265823) (3,55,0.8218929426743501) (80,3,0.8906924593237167) (34,29,0.8863670462490385) (3,49,0.7974261692170255) 
(65,26,0.8501997046591616) (96,94,0.7915979741909136) (28,75,0.8337301793006593) (36,14,0.9053427387185815) (54,11,0.9711947822937481) (86,97,0.8558588962543237) (28,12,0.8388213782794764) (4,76,0.9031306642121162) (62,32,0.8577688707280419) (42,8,0.8890534012438522) (39,75,0.802354984567332) (54,72,0.9874492172765001) (82,9,0.8282071043527273) (80,19,0.8663708628225748) (39,23,0.8163158445856113) (24,78,0.8591616536036841) (52,97,0.7510922383878634) (31,18,0.8821215637473213) (95,33,0.8610568724250256) (47,53,0.8216902563594497) 
(82,3,0.9126767236997412) (31,41,0.9404712609448971) (39,78,0.9261401731260661) (37,21,0.8616425210366782) (90,97,0.8619085916965593) (27,87,0.8608311462009006) (27,29,0.8719887894581078) (47,50,0.8745571617369261) (93,5,0.8056563605173215) (71,61,0.8277878195847629) (0,39,0.8129051595687612) (33,32,0.8330424755011592) (74,88,0.9139452648603255) (77,73,0.9091248733107946) (77,99,0.8755068055208938) (12,40,0.8529330159304852) (32,60,0.7873089840796746) (64,73,0.772226052926204) (95,12,0.8269743250637405) (15,1,0.8003256082388521) 
(32,3,0.8424798426209383) (28,42,0.9569798745649175) (3,27,0.7809930311019233) (68,24,0.8202444529852416) (14,4,0.8522778606202116) (89,43,0.8492876271131178) (25,78,0.7152544812811095) (91,77,0.8409056646522535) (26,46,0.8361252838621324) (20,66,0.8713849012901225) (48,87,0.895196132686799) (20,26,0.9234719432707258) (0,50,0.9202521673416003) (19,18,0.9024272875638284) (30,92,0.8567290355499703) (1,5,0.8993673598042804) (16,72,0.8793207503045692) (12,83,0.888489474474533) (1,0,0.7848625421564135) (89,17,0.9135586071095565) 
(86,99,0.7875372030205576) (76,15,0.8605513052369097) (98,81,0.9382888615428943) (52,58,0.8383980756394983) (31,8,0.8596747449380207) (46,94,0.8551923764278061) (63,48,0.8811905877052367) (45,68,0.9106274271500077) (61,89,0.9181242694708955) (15,97,0.8777658492321201) (50,52,0.8825472665714791) (5,92,0.9470318284047865) (16,99,0.8038790398366505) (3,73,0.9606554564195287) (1,40,0.9014536705669585) (70,63,0.8021196845455167) (48,2,0.9235896170549394) (0,11,0.886335982006452) (22,92,0.8447405580655908) (1,30,0.7875654777793049) 
(78,38,0.8674222842995223) (11,34,0.8645130126144553) (11,50,0.8854796847308424) (25,94,0.8422900908857965) (53,57,0.8994685670171673) (90,82,0.8286466241135192) (85,83,0.8133132530209903) (89,30,0.8332362769404984) (66,91,0.9355601968513569) (6,57,0.7941548748567374) (43,81,0.8395433131028514) (65,2,0.8896671739658202) (57,11,0.8715822005367238) (32,65,0.8562072016183846) (26,69,0.796909603833695) (5,14,0.7749176814177756) (43,57,0.7967374553981096) (89,76,0.8265324148843882) (45,34,0.8199097201438698) (17,33,0.8064790310148221) 
(65,25,0.8310568524723219) (64,55,0.7582872968045956) (58,17,0.9140111446400988) (50,6,0.8481062524811362) (60,76,0.8889260705755004) (81,78,0.8360537029232757) (74,34,0.9463547626926527) (20,64,0.8949832101404198) (11,81,0.8256596129982855) (44,50,0.8557331599098875) (23,40,0.8729628197663173) (11,41,0.9029499027857681) (7,30,0.8771555517524652) (17,4,0.8710155639523387) (88,57,0.8564427953950445) (0,48,0.8579997561674065) (15,72,0.849491845726444) (14,98,0.8905298788748671) (35,49,0.8317452891141321) (44,87,0.7981765949914539) 
(45,84,0.7804471681326357) (72,45,0.8443324533454223) (59,45,0.9048240464792254) (11,97,0.9239527849549691) (21,14,0.7804496939335379) (65,61,0.7817690922972309) (62,45,0.9360977841646397) (80,11,0.833607948011975) (68,79,0.9206464852623473) (40,75,0.8657069148885808) (6,39,0.8775240581750152) (51,52,0.9369021342319541) (7,19,0.8083918518594443) (32,24,0.8234535493349044) (45,67,0.8618268569729634) (94,82,0.8463220302198124) (22,41,0.8400207554290083) (74,47,0.8263190265790651) (43,55,0.824894201339284) (19,86,0.816247360744263) 
(13,89,0.8756462091335974) (93,5,0.8452880772663091) (34,62,0.9226629346775324) (14,58,0.7716050892101974) (25,57,0.8827556130864276) (98,73,0.9947745110959191) (42,25,0.8764756013622029) (36,0,0.8624274619235031) (88,82,0.982354135606696) (57,39,0.8282741155679697) (29,20,0.9432516047777019) (79,15,0.8153711906906965) (96,82,0.9456230612936917) (48,79,0.8315001132849541) (88,71,0.9250162012521134) (95,12,0.8272174636488255) (42,30,0.8196803183835847) (73,47,0.8121082871451951) (38,57,0.8694718138979819) (88,72,0.8586914671164968) 
(11,90,0.8217294657884604) (90,35,0.8503083558351181) (87,7,0.8807776766297597) (53,11,0.8432621829157544) (44,69,0.8930129257907661) (61,32,0.8186731364533621) (10,97,0.8663510990170417) (53,99,0.9064790594457431) (1,87,0.8416467046641056) (14,81,0.8113078852123732) (74,13,0.8819778165211117) (33,15,0.8926867113030782) (15,27,0.8330211100125906) (34,8,0.881966158621762) (1,80,0.9268859364092461) (96,7,0.888157550477432) (9,0,0.9082996766652501) (73,65,0.8275521380163265) (72,26,0.9327731817583786) (64,81,0.9258831483004655) 
(27,28,0.8741410084650966) (31,22,0.9324946894431243) (41,81,0.7918219058420113) (94,97,0.9092744851218337) (36,58,0.8175573190543636) (10,87,0.9405265309940078) (54,89,0.8310270639495134) (25,84,0.828255869514898) (52,43,0.8343340048772706) (98,79,0.859489272000584) (25,48,0.7994489491750884) (59,94,0.8319092539746002) (80,40,0.8254223603458876) (1,10,0.9141465665549959) (16,62,0.8764798007384244) (94,2,0.8496893728985385) (27,96,0.8639766993174143) (59,18,0.8527469961195485) (19,5,0.8799611851520742) (96,75,0.9482004483073035) 
(61,89,0.8144824054764815) (2,65,0.8472791989547614) (41,88,0.8586303776988435) (55,99,0.8571046514890919) (37,10,0.8973161753470452) (30,19,0.8359106480276954) (8,63,0.8817830953508292) (34,17,0.8948115021679525) (80,68,0.7933517400890189) (49,62,0.8164432738013973) (52,95,0.8571486781399893) (27,34,0.8342975662246891) (0,79,0.7919031624415528) (46,57,0.84342111639577) (41,18,0.8257235446657564) (2,95,0.9795993857806347) (68,85,0.9053921765141375) (49,64,0.8975959014568955) (71,0,0.8828179318983377) (94,96,0.8846896563908155) 
(98,71,0.9188742770480461) (8,94,0.8820394153310156) (99,24,0.8915621308411906) (11,73,0.8564808739763146) (98,60,0.8954016808124714) (49,89,0.8533031221103469) (84,15,0.8707954556092804) (74,49,0.7828014693380196) (77,18,0.7764198340132791) (43,26,0.816812083085204) (80,23,0.830505073418796) (81,92,0.8402760099319111) (71,92,0.9465766069209123) (51,76,0.8497419249144099) (15,72,0.9206510949200235) (39,97,0.8476644327166128) (24,14,0.8588280854761826) (99,9,0.8184287013368988) (86,74,0.8911768903434326) (8,96,0.8059632848717688) 
(87,52,0.8355597049815454) (74,25,0.7923237564001497) (28,43,0.8312597182442899) (65,29,0.8447267646948993) (6,66,0.8853326990019753) (32,96,0.7577188835963168) (40,44,0.9044344790531327) (98,36,0.8362038787816708) (30,53,0.8253334887078396) (94,11,0.8177304239460657) (25,35,0.8959248597748806) (73,28,0.8704301872089156) (49,76,0.8081400346802177) (52,66,0.7541206415111676) (35,7,0.855646214214058) (61,38,0.8610753127266496) (44,43,0.8748771486951564) (46,53,0.8980379768101838) (5,97,0.8727839057189569) (71,20,0.8075828136247079) 
(18,2,0.8120459119377292) (37,4,0.8565026275572104) (91,1,0.7597755891885397) (65,12,0.9912452423864143) (64,1,0.785206797560512) (40,95,0.9884937165397629) (60,33,0.9336119269388814) (42,61,0.8143622619406863) (2,5,0.933131489527097) (68,44,0.8488079396981326) (15,34,0.8044070989883633) (46,7,0.8711002586978125) (22,26,0.8611358837549365) (77,16,0.8186457994428997) (24,89,0.9001695784194675) (50,39,0.8018530168162818) (15,19,0.8507248784740056) (36,27,0.833287734678928) (5,29,0.8353384958453249) (31,32,0.8424754351845403) 
(58,13,0.8459073584026625) (19,34,0.9613813085217077) (66,24,0.7234301426758886) (19,87,0.8109916653569674) (55,43,0.8954697381973158) (62,52,0.852673782674541) (67,41,0.9063420115847116) (40,56,0.7901653594398511) (59,9,0.851211104844853) (7,49,0.8711446103772874) (13,57,0.824216458948423) (98,26,0.8062950593960954) (72,31,0.8336636141792992) (67,97,0.8582164798146388) (59,18,0.7733389546516002) (32,95,0.8638292769832844) (10,22,0.8083621934332353) (17,68,0.8280575729879747) (62,99,0.858450818572542) (44,82,0.7251781365260392) 
(67,33,0.8663493214536457) (40,92,0.8449266529943275) (31,21,0.9005681838714077) (6,41,0.916967262216263) (52,18,0.8303043696793111) (43,56,0.9193868134590798) (2,65,0.8677949282286711) (94,27,0.8620388481057828) (1,93,0.8988528042420751) (80,91,0.8260178461392947) (79,6,0.8670519434353964) (59,15,0.8956807837668732) (49,88,0.8431661346876458) (67,29,0.8673154073199323) (62,16,0.8286733339514171) (65,56,0.8393320812250695) (67,88,0.8371042849845155) (54,66,0.9096815774660719) (76,67,0.9052850647639357) (71,93,0.7554404584817453) 
(94,62,0.805863072867907) (33,10,0.8467664907083321) (95,21,0.8523579773196912) (63,42,0.8960241706316332) (68,54,0.8998086162148263) (88,91,0.9205387030909111) (45,96,0.8689746795271297) (64,1,0.8335634044721117) (60,6,0.8723641260982121) (86,59,0.8047806424620909) (41,27,0.8147653385108897) (97,68,0.7546211547597057) (24,46,0.8026467495314343) (4,96,0.782457256496625) (44,32,0.9041973386689852) (33,52,0.8215386751494793) (73,75,0.8585124886058961) (25,79,0.8878956834277659) (57,70,0.8740098629378614) (89,27,0.8363051600112654) 
(63,35,0.8961870734505152) (99,14,0.8676816114128628) (52,21,0.8900203544430958) (73,68,0.8365842917037785) (11,37,0.7809328030982676) (57,40,0.8271061622277617) (34,93,0.7997376625809338) (4,96,0.8689150442725236) (40,88,0.7449623927602429) (10,93,0.8459723974012902) (90,71,0.7900761135309279) (91,35,0.906020663050164) (67,4,0.854505167984367) (17,25,0.8498152224591198) (92,16,0.8359066576563696) (94,61,0.9243047693773357) (31,3,0.815067722961895) (80,51,0.8615229220814445) (96,94,0.9117386088074312) (88,32,0.8596036976637254) 
(57,90,0.8281848730018547) (30,46,0.7802439163134907) (24,98,0.860855660653604) (47,97,0.8371900126692964) (21,49,0.8142602152757772) (56,81,0.9543204970257864) (97,77,0.8157713521231511) (13,5,0.8211885382743311) (30,78,0.8734050446764616) (13,52,0.8645047800751272) (2,84,0.7758700541944868) (54,31,0.9153301934613319) (3,39,0.7553257056464348) (30,62,0.853052124759232) (61,68,0.8712665376730993) (6,28,0.8895479790953131) (96,92,0.7626652725451348) (75,64,0.8711857322815674) (23,17,0.8676782436475169) (15,18,0.9315315018275339) 
(68,41,0.8539728667808218) (66,64,0.8665172455921925) (7,55,0.8997089438362746) (85,30,0.7986972024363593) (77,25,0.9128522969665228) (45,48,0.8257363824287807) (2,70,0.8675600354782979) (35,6,0.7846232110396637) (72,81,0.8544394354738323) (40,49,0.80968251062614) (67,94,0.7930465191842923) (63,49,0.88362856385465) (97,47,0.7746527357470098) (54,75,0.8319664701038711) (64,97,0.8120688933236313) (0,54,0.8630219003371932) (55,86,0.82908673433603) (55,68,0.880314490182511) (70,64,0.8344607333585377) (91,48,0.8519573690067661) 
(37,76,0.8749030066818924) (35,99,0.9272354525516536) (94,55,0.8086368115974043) (87,98,0.8750323515589115) (87,80,0.8880546534670051) (85,92,0.8397773055564637) (55,98,0.8416755792853843) (76,7,0.8959539254892791) (13,64,0.7891570378658095) (44,39,0.9226601563343947) (99,51,0.7512231823241519) (14,49,0.8627805706861486) (73,44,0.8530214376050708) (98,46,0.7866139649904754) (29,91,0.8079619989282923) (52,70,0.8007634273775504) (58,42,0.9332957459905524) (22,57,0.8451374104727534) (63,74,0.8650890030298357) (82,54,0.8691956423142586) 
(63,39,0.812529997082115) (59,39,0.7498792445422628) (35,5,0.786360173786976) (83,93,0.833935217308515) (58,80,0.8232958278323868) (74,41,0.790218623808676) (62,33,0.8134376989981084) (46,82,0.8130779128238188) (78,94,0.847265727293858) (68,53,0.8299067949325167) (1,79,0.8834553434516991) (0,2,0.8077244255089134) (15,18,0.8593490310148079) (70,34,0.875467576982892) (88,65,0.8067695062033534) (87,61,0.9221756066722734) (32,63,0.8685461763504507) (76,90,0.8677283177292755) (30,74,0.8877441152016371) (27,50,0.8316443296619033) 
(32,51,0.7895411691736686) (33,86,0.7855232757192305) (59,44,0.8954325660835055) (13,27,0.8699918338393576) (98,18,0.8311143535508885) (65,40,0.8988154135944966) (70,85,0.8148268296695279) (15,99,0.9527341177335462) (6,91,0.8607180524366911) (13,9,0.7665714507647738) (9,68,0.8686659069942175) (48,24,0.8119781891996272) (88,66,0.8426794695459113) (31,48,0.807263220235431) (28,15,0.8735710905960584) (66,63,0.8099954099381418) (38,59,0.935682821386877) (46,71,0.9948848514662489) (43,69,0.8758984378999464) (78,38,0.8502726385380025) 
(18,47,0.7528194908732455) (37,16,0.9043551329154389) (41,24,0.7885144011095371) (59,56,0.8952515176773962) (90,91,0.7965452447002135) (5,44,0.9197354132365511) (45,73,0.8345220792104115) (45,20,0.8033393488577212) (69,29,0.8373015753968021) (89,49,0.8511767165695743) (78,7,0.8940410358192008) (5,69,0.8996257874943958) (46,35,0.8422009550567007) (2,75,0.7914265764861622) (91,95,0.9058984687180186) (49,5,0.8510247327349366) (15,12,0.8423309540709131) (64,55,0.8951437608149008) (67,3,0.9023297120612013) (38,52,0.8166330566570689) 
(13,30,0.8323218541010327) (91,97,0.9062753690057602) (33,90,0.8008549143379046) (87,68,0.7497981680076804) (7,36,0.8379341487480355) (31,91,0.80954627243478) (6,26,0.8095424198848286) (92,19,0.9032322538410675) (18,43,0.8932008378417655) (81,94,0.8908175197707363) (32,78,0.8876188287973069) (39,94,0.8052125952179732) (85,2,0.8964275836653459) (33,45,0.779059133238909) (11,51,0.7898117994601209) (75,48,0.8938056174688607) (0,23,0.7223482722756114) (45,95,0.935505062745569) (85,73,0.828752697645573) (13,66,0.8059678360833353) 
(95,22,0.8174079772529589) (22,52,0.8360435760748292) (68,30,0.8151566715761973) (94,61,0.7723135416695532) (43,38,0.8828674424881567) (0,49,0.816539691565316) (76,59,0.8995579116599655) (36,65,0.8078583964274196) (61,19,0.8562356094641141) (10,26,0.8144697369123841) (86,22,0.8644974483594101) (99,46,0.8361666041932012) (74,19,0.8910130914371219) (22,25,0.7446102830523801) (35,86,0.8262966916340355) (79,13,0.84083451878449) (20,3,0.8788499423474947) (83,17,0.8298198300315092) (62,87,0.8179193938118771) (20,84,0.9447775300771281) 
(71,17,0.8474150351100352) (4,57,0.8201699578293398) (54,78,0.9465400239326839) (75,93,0.8540831474083195) (75,86,0.7936241825740459) (29,18,0.8230911924736716) (62,33,0.9073429052124627) (16,68,0.9559599972376619) (30,95,0.8159615716135304) (35,62,0.8383979804882455) (68,88,0.862805900299683) (4,30,0.8222294394494781) (23,4,0.8062599701143831) (66,8,0.8090147673266148) (48,41,0.8896699152279258) (28,65,0.8123360175544795) (34,52,0.8959124134667549) (37,42,0.8752154352463454) (54,80,0.8526343691688262) (17,74,0.7941803370391858) 
(61,10,0.830451529416676) (82,23,0.7114383998091737) (82,88,0.8667397145991939) (52,81,0.7989444925206014) (65,5,0.7695339970195627) (25,0,0.8696710008242184) (43,75,0.7506429150242585) (28,56,0.8561621030840324) (98,34,0.8792936999219221) (42,82,0.8925680491155861) (73,97,0.7714563505086497) (83,39,0.7852498731729107) (15,59,0.8666659177947273) (65,6,0.7964935251181321) (64,80,0.8822253934109981) (73,16,0.8747753614063571) (91,72,0.8736168228539801) (20,42,0.7708497152159969) (48,46,0.8227227133989633) (75,91,0.7957294481226164) 
(61,70,0.9071823406460139) (99,57,0.7738290025709864) (97,17,0.9085643929005263) (45,94,0.9125217427696708) (37,56,0.7941710719717332) (99,52,0.8958305060729604) (31,96,0.8339077367451073) (72,27,0.8396873385422046) (86,63,0.907166142298828) (54,93,0.9167884273163245) (73,85,0.8893667927028192) (47,0,0.7184677595077953) (44,2,0.8988498934584104) (43,79,0.7907487873136703) (48,56,0.8259879807897895) (8,48,0.7946340948454108) (85,65,0.8978623567304269) (8,2,0.85685625182781) (47,16,0.885023947816926) (25,74,0.8984533564037946) 
(99,39,0.8880971630555949) (24,36,0.8127475349883181) (29,47,0.9224687516644338) (40,63,0.8398081876609789) (39,74,0.8634154675931272) (46,81,0.8836539219441379) (20,98,0.7929696492986692) (81,93,0.8122104773937376) (45,75,0.847630106646859) (13,12,0.806902960107801) (53,65,0.799763814935616) (25,30,0.8531495412969539) (91,55,0.8420125164209643) (77,37,0.8616536183448172) (21,39,0.935999825045466) (8,58,0.8559122077300723) (28,42,0.8319700623868915) (91,33,0.7669099524181164) (76,90,0.9745162895522427) (54,69,0.8496323622862807) 
(90,61,0.8451114448298431) (93,56,0.8541428786584447) (43,41,0.799974969251688) (52,96,0.8937856288670422) (89,21,0.9100033227867742) (8,17,0.6941624207882933) (61,9,0.9004792463574302) (86,49,0.7900826022228317) (23,8,0.8689915793508307) (5,75,0.8397781354703882) (30,15,0.7891434138612625) (9,90,0.7961293734256059) (37,26,0.8101605297993563) (47,0,0.8629727687930184) (10,17,0.8308186413181392) (45,76,0.8691104456011667) (53,77,0.8494616760642357) (83,90,0.8743411309915827) (30,55,0.7901408933552537) (35,29,0.9190296420488542) 
(86,71,0.8412092264913458) (97,81,0.8408269902531336) (37,5,0.8598575421024657) (7,65,0.7699417090923684) (3,47,0.9519536635979364) (65,40,0.7972290498442429) (72,63,0.8644806785462474) (29,25,0.8324518540840429) (70,95,0.829773786166923) (22,4,0.8709774697161816) (38,73,0.8573388078730586) (98,58,0.8378197833025509) (1,67,0.8690815071866588) (68,32,0.8198577965614381) (38,58,0.8598395184945705) (68,6,0.8179890827700951) (44,14,0.7788882436301015) (43,18,0.8853844092751126) (41,34,0.828615428268505) (20,30,0.7910961070516327) 
(27,46,0.8903962666247941) (27,17,0.868498999765478) (49,2,0.8414033379094183) (92,4,0.8037301407135398) (24,85,0.8151979856308424) (65,32,0.9047534438407112) (27,42,0.8351661942759218) (93,74,0.7660771845132188) (32,56,0.8767263481608849) (3,93,0.9074316530431533) (6,93,0.7542867758306762) (46,99,0.804305016126452) (22,39,0.8441689025156627) (17,47,0.7924684152706211) (2,78,0.8778461541769008) (0,97,0.8448078835860403) (17,1,0.9242143394866525) (90,72,0.8472717797567111) (16,36,0.918840310228709) (48,17,0.873514187270265) 
(22,0,0.8336202520568422) (13,65,0.8930634437629533) (43,46,0.7661033280680181) (10,76,0.8225568916664594) (16,93,0.8670623451303924) (30,43,0.8679219816237191) (72,28,0.8381846560160449) (93,60,0.7887826418218346) (96,14,0.8757371915760915) (99,64,0.8558441497840543) (47,65,0.7991708119319103) (83,77,0.8843579476514718) (61,15,0.8271628434833748) (76,40,0.8543755792944969) (5,13,0.8913758910213647) (29,71,0.7785902618023035) (83,63,0.868100509938962) (89,86,0.8656357101350829) (88,10,0.844917175113665) (46,77,0.7773897464661678) 
(28,3,0.8928953790105282) (16,93,0.8531681740513404) (97,25,0.8355211566178485) (13,90,0.8015140273357662) (48,21,0.8833330231927934) (36,71,0.8450393649643949) (21,54,0.8520859778936752) (54,19,0.8770082675301825) (94,99,0.8996106833585199) (31,98,0.8768464687835449) (71,94,0.7958239185307062) (25,50,0.9469664519713982) (79,8,0.8286882218113647) (18,38,0.8486440206136787) (1,23,0.8506101357208435) (16,25,0.8836465521816902) (20,26,0.8909212169956929) (64,26,0.8575777235177937) (5,27,0.7892166253784217) (97,41,0.8598406132383665) 
(5,26,0.7955844269352498) (87,41,0.7394497561390903) (94,47,0.8284365638315088) (68,98,0.8885193424035485) (45,89,0.8737766149958589) (2,70,0.8841773421584737) (91,49,0.8347015073053615) (4,32,0.8367140790705928) (31,77,0.8295074234877111) (73,37,0.8397998076877514) (91,88,0.9019951288299779) (48,88,0.8446123332290981) (29,18,0.7905160737599962) (55,87,0.8491704292995711) (77,40,0.8291088727277144) (52,91,0.8898931131336811) (1,13,0.8915191780829758) (71,14,0.9138202071054563) (7,15,0.8072677060344542) (35,18,0.8789187478857474) 
(45,23,0.7803051430615472) (47,21,0.8174391864647299) (65,68,0.7263039862632933) (68,60,0.7359506953495365) (99,40,0.8016313144932227) (93,27,0.7861344941718833) (80,77,0.9724597627394631) (23,90,0.9066848904224365) (49,57,0.8923337242712306) (22,79,0.8415775282244462) (95,79,0.875441469110707) (54,6,0.9032642650825495) (36,9,0.8824031632489037) (94,71,0.8653809655962587) (56,51,0.8726659621411741) (6,73,0.9043672714860971) (74,60,0.8715297179231103) (54,66,0.8115984704004132) (65,72,0.8224412398296382) (79,67,0.8333816621859668) 
(4,83,0.880464968792986) (34,10,0.7960825516799683) (54,58,0.7942908465656521) (23,31,0.8563361103369985) (40,59,0.8830144548498495) (95,46,0.775075892899934) (58,61,0.8202348725302041) (72,60,0.9131621823215494) (26,44,0.8643325595438182) (25,11,0.8751315380922716) (70,68,0.7250645316552866) (4,17,0.8511136583544864) (95,18,0.7811489437062095) (18,87,0.8809151599850206) (19,83,0.9097671808187926) (14,81,0.8136911940859107) (86,70,0.8474181827104603) (25,48,0.8889426684057266) (51,35,0.8075016453090951) (3,96,0.8344430555979403) 
(35,72,0.8885289121776464) (91,35,0.7707404796559562) (72,55,0.905018420296729) (64,60,0.8945738635882658) (69,70,0.8375976619684433) (32,96,0.902107096039767) (78,74,0.8257515564569153) (71,32,0.8376771208671213) (19,74,0.7790332836495346) (8,37,0.8682448879788712) (43,4,0.841057401090746) (2,27,0.9410630233837427) (59,21,0.8479336003805631) (86,39,0.8641651510852473) (79,92,0.8483206112843542) (25,73,0.8812857791129023) (91,67,0.8869097699873946) (31,39,0.8956156455919929) (91,71,0.7625510211367321) (96,94,0.8163836526500514) 
(15,94,0.7775224735422943) (92,43,0.9252413858813955) (49,93,0.9181288898326821) (14,38,0.8435415697057468) (58,62,0.8852758607678218) (31,51,0.9774117302517672) (65,24,0.8886311042881763) (82,51,0.8229510145481358) (47,9,0.8619759092692411) (40,62,0.777206600433548) (73,15,0.8349037041341112) (2,47,0.8544485423856916) (7,2,0.8735994153351213) (18,30,0.8332476508590766) (86,4,0.9128393346748982) (56,24,0.8985831987277927) (36,13,0.8108523510358169) (16,59,0.8767615874356021) (58,5,0.8802373887276622) (27,84,0.8317609467337468) 
(57,91,0.8667113761785725) (40,51,0.8642263941328311) (19,45,0.8388734859385344) (35,43,0.8122172859203591) (17,72,0.8830997910506139) (90,14,0.8025922762790135) (35,54,0.786698680255735) (78,93,0.8464660942607846) (49,46,0.9459074231062081) (45,41,0.8639668275089539) (47,39,0.8632555400320165) (55,26,0.8105008446821623) (75,78,0.8585645400785915) (41,4,0.7731749777973818) (9,95,0.8845820033564629) (42,92,0.81573014771014) (57,11,0.8123463400486003) (79,18,0.8392248743659664) (13,69,0.8858957998098105) (37,38,0.9429781879464707) 
(36,20,0.7954320486071953) (84,81,0.965471088395456) (69,89,0.8827235059016013) (28,99,0.9451530051140782) (92,57,0.7739365060891307) (77,62,0.8893044860518834) (67,72,0.8197049283672886) (15,66,0.8578634365303551) (25,82,0.7770271140706133) (9,48,0.8701925032162243) (29,75,0.9088083026868997) (26,75,0.8415745119844701) (64,12,0.8395388980716314) (23,56,0.822093276054457) (79,71,0.9486241914591) (54,22,0.8572501059670556) (65,10,0.8605831944202138) (83,29,0.8417026093182589) (73,93,0.8888429731754467) (84,75,0.7616308180609648) 
(5,7,0.842837214021166) (80,87,0.8714497561798856) (94,49,0.970094143722217) (69,0,0.8220354465965549) (9,33,0.8324209400389464) (3,38,0.8434844575551392) (73,28,0.911560665551655) (72,41,0.8190424770758797) (14,58,0.8651946484256227) (79,10,0.7940985847438093) (18,36,0.9135744403790675) (29,17,0.8280196450668896) (76,73,0.8710725513664832) (88,63,0.8733139018802724) (29,53,0.7610083854458145) (89,68,0.8087831778035582) (69,93,0.9398963057173928) (90,82,0.8206394264506283) (55,92,0.9019269922888566) (9,21,0.7478665939258007) 
(67,81,0.728316314554444) (39,68,0.8076156231658846) (40,46,0.8358486020699948) (86,27,0.8966018916770546) (19,61,0.8548010926846985) (33,83,0.9054177179347254) (24,43,0.8994813683761457) (56,98,0.8980020465909226) (16,48,0.8789448623091354) (87,29,0.9132981553193822) (15,19,0.9149968642307708) (61,14,0.7965657489572956) (82,12,0.8951159501979529) (81,61,0.7170441894483268) (67,61,0.8154701035727827) (63,82,0.9744906407411871) (93,42,0.8628566533023176) (37,49,0.910160686560718) (92,47,0.8372035617879119) (24,13,0.8983966340001904) 
(38,3,0.8229254632513375) (66,45,0.9142191889502611) (75,41,0.8145182905739353) (81,34,0.8648911852760457) (5,49,0.8471979809911552) (51,13,0.8685783013762061) (9,51,0.8322012181122004) (13,73,0.8616191198816135) (69,64,0.7639463037865838) (80,20,0.8973965834799781) (42,53,0.8218695022260056) (77,73,0.8318388059518229) (62,35,0.8095738375724195) (10,7,0.807891762906049) (95,71,0.9675386042444811) (9,69,0.7701908788112826) (48,83,0.8830142795475295) (89,50,0.8162235788541382) (67,75,0.804918462974345) (20,54,0.8513484144436296) 