(21,62,0.7196587253039693) (95,66,0.6699322560033381) (30,42,0.7301860884466509) (77,35,0.7254950239791339) (77,7,0.7593796107010403) (57,10,0.7361231148299281) (39,56,0.7825190280415666) (49,22,0.7470078400023684) (25,37,0.7133874757691966) (36,20,0.7678687153481589) (70,50,0.9177987825177014) (55,70,0.6878634775952297) (5,41,0.6852009567202709) (84,87,0.648032455145936) (21,31,0.7855711799557566) (90,89,0.7462352064092235) (76,56,0.6650991675650222) (3,62,0.750304383204781) (8,26,0.7776468862063909) (11,81,0.6803079143351535) 
(31,32,0.7880664839236096) (43,55,0.7369906839861391) (98,96,0.7036781048387368) (84,66,0.7347213758064534) (99,31,0.7663737792162164) (44,99,0.7407034041764962) (11,20,0.6761578466267892) (59,97,0.7242829012452755) (89,45,0.7543877217331955) (47,37,0.7965174318450181) (22,38,0.7114876222607335) (79,35,0.8013709128587434) (34,60,0.7595643111725681) (72,78,0.6976245375670285) (5,4,0.7674078138836968) (1,68,0.7298884445630748) (54,70,0.7278089904686619) (87,17,0.7308437282807808) (73,92,0.8174208118091791) (10,70,0.8243042025834394) 
(1,19,0.8254323469644721) (93,38,0.7776226905211587) (10,60,0.821428153519821) (0,67,0.8370401215530359) (30,51,0.7037129273801185) (57,17,0.7263849222739165) (17,86,0.8228963789934042) (94,9,0.6883463575356945) (72,57,0.8455026795124075) (20,36,0.6723464534601329) (99,3,0.8480155775532322) (1,97,0.6695255032423267) (18,47,0.7416051086197889) (85,94,0.6779759902034741) (11,10,0.7096008285790422) (86,89,0.7647772662846822) (59,37,0.7408662608144254) (58,79,0.8202506420392517) (68,98,0.6364815627486948) (46,25,0.7280790797110182) 
(44,89,0.7668508157338428) (83,90,0.7084451783460788) (50,5,0.8040435801440102) (6,64,0.809547093935316) (5,37,0.7941097287759686) (64,0,0.7805766335808639) (53,98,0.7154243003161547) (74,38,0.6712810765944727) (49,53,0.7009982195000606) (67,51,0.720217625732943) (8,43,0.7381805770049691) (8,93,0.7564765296069803) (86,28,0.8108280453951191) (38,11,0.7093793697394896) (83,6,0.7041152379740103) (14,85,0.7339253245604184) (76,57,0.6609445493050183) (66,79,0.7861015373907227) (83,62,0.8096271074844691) (80,60,0.6836334131557859) 
(55,92,0.7804240444391172) (79,36,0.7263665539028389) (97,90,0.7566155403545217) (92,36,0.6757017061958006) (80,50,0.7272244225303864) (76,61,0.8357778325919033) (8,89,0.7711667088661365) (10,86,0.8103394297548117) (67,20,0.7286405501865183) (35,69,0.7530729220210401) (89,14,0.7765687065221333) (88,23,0.7572424108795406) (39,82,0.8666315682286646) (72,46,0.8039523260801962) (41,86,0.7434630440327307) (3,91,0.6875766385240516) (94,56,0.6841776397766208) (12,45,0.7084410535142924) (99,42,0.6636205249803677) (65,81,0.749762847857984) 
(34,71,0.799947218227353) (29,16,0.6752369573867908) (54,30,0.7302596883192871) (12,32,0.7360949890400994) (14,44,0.7112763920577627) (57,63,0.7315615942034217) (10,99,0.7219595982151352) (44,24,0.7896499308216895) (47,16,0.7012361291889977) (99,69,0.73801452709301) (74,93,0.7978295949291717) (53,87,0.6851354243981814) (65,48,0.6900833835548904) (76,42,0.6797105698559817) (94,79,0.7230656625691679) (37,15,0.8019682013862981) (90,86,0.7276975345562116) (38,6,0.7318606316184628) (23,78,0.7108259288668961) (13,15,0.6902121730983797) 
(82,21,0.8010299388771318) (97,48,0.7886106368173988) (6,29,0.8455270816068314) (78,7,0.751607670308052) (83,88,0.7023555396817411) (19,45,0.8327701048455479) (40,8,0.7639125694220305) (21,92,0.7816047592024966) (43,38,0.7283784249773734) (10,14,0.7589571982410266) (29,9,0.7316584777988024) (16,31,0.7860937915997429) (84,3,0.7508986551053786) (7,22,0.7983696270679189) (92,60,0.7490804136800857) (15,96,0.7607425925786792) (1,7,0.6700914376989966) (4,85,0.7356170690479722) (98,5,0.7720834606408851) (64,34,0.786945533590907) 
(17,64,0.7611874102681396) (91,82,0.7355556933294196) (47,60,0.7077914480068018) (53,72,0.7179400737687601) (39,87,0.7708123623547637) (55,75,0.7502974407256551) (67,86,0.6805652294603051) (18,24,0.8059323043471295) (5,72,0.7325379039369193) (55,80,0.6883335241356969) (69,17,0.8646027961232816) (68,83,0.7563746568980895) (36,55,0.7587520593682248) (98,31,0.7908963603759819) (4,37,0.6655103800668163) (80,72,0.611861938921352) (7,67,0.7699532604863238) (27,84,0.7146575238374335) (79,31,0.7755852915549194) (22,3,0.7291359104374405) 
(11,39,0.6451550128011703) (26,44,0.807549876449251) (96,55,0.6735512821137273) (56,10,0.7451572062582974) (51,61,0.8164440647646406) (6,42,0.7896735939045657) (53,59,0.742252810318423) (92,99,0.7221054561516201) (23,43,0.7876573966929664) (19,40,0.7039351756255008) (99,31,0.7406239446772527) (13,54,0.8294179315652916) (8,17,0.7392074783523271) (25,79,0.8364981303497621) (35,68,0.7550989902287413) (97,56,0.8036437602923215) (50,6,0.7200132537442068) (97,16,0.7884838108355373) (57,11,0.8072796151182821) (67,17,0.8163376476620711) 
(36,62,0.7381363538425225) (89,85,0.7863193027526361) (79,40,0.7393328355287526) (22,28,0.6954823772179513) (93,60,0.7715750103503913) (66,9,0.7601689034231678) (28,37,0.7590832809467248) (52,47,0.7112505562294057) (31,32,0.7903187834545735) (99,98,0.6447415329479156) (51,3,0.7940120178162624) (26,0,0.7441692867982072) (63,36,0.741107093436467) (90,51,0.7348276361591684) (28,89,0.6771329174798498) (11,87,0.6691238902264363) (36,58,0.7862874141487279) (98,58,0.7968697093133332) (63,67,0.7078092660572787) (89,41,0.7235528308481174) 
(54,87,0.8061596687625361) (51,4,0.7564222250659884) (29,19,0.751814715938389) (65,4,0.7019574769029489) (70,54,0.7844147941000525) (52,38,0.6866533771052564) (22,71,0.7413137398278729) (35,1,0.7139869717569529) (5,38,0.7719467110285563) (30,35,0.8101048132834242) (91,52,0.7624950678200844) (67,30,0.7171524500520994) (91,10,0.6964872986207928) (16,0,0.7499359896725944) (62,85,0.7187015789570778) (47,97,0.7526160465023367) (6,2,0.7319087249290335) (23,4,0.725652329622277) (49,36,0.6501649436107592) (50,94,0.7313142081026527) 
(58,39,0.7584252385949034) (55,72,0.7880862558186348) (63,44,0.7596785894262605) (89,62,0.7981096105038187) (44,45,0.7238200956115999) (22,40,0.7381710177879267) (73,32,0.729564116076394) (90,69,0.7099775225289744) (35,80,0.7520351284862148) (14,45,0.7812093459660984) (85,69,0.77295334828168) (63,10,0.7880901090862963) (81,76,0.7000710701043108) (36,64,0.7241552442969389) (18,94,0.7803496681077189) (19,21,0.743192896188019) (0,9,0.7257254842002674) (67,37,0.7602828721385145) (83,13,0.5984222868499435) (69,7,0.6675873195147213) 
(74,14,0.6865583095397236) (13,7,0.7100738688234494) (74,39,0.7383041672291415) (88,66,0.7399465843829273) (11,62,0.7588511933855197) (29,96,0.8205223804391313) (22,63,0.8141837685774957) (30,69,0.7399287599736072) (94,62,0.7630065332161591) (40,68,0.7272055919456858) (2,6,0.7431415167345264) (75,35,0.6955735808792595) (15,14,0.7233602532294501) (41,10,0.6370119015359652) (62,15,0.6654430229517062) (62,47,0.700060672913569) (48,98,0.752043761864027) (52,98,0.829869380569187) (3,14,0.818503631169067) (45,78,0.7227864766734952) 
(36,63,0.7391197173717113) (18,66,0.7789481917303893) (62,6,0.7369120532933002) (27,49,0.6943635248843327) (52,86,0.6989367901321268) (98,38,0.7146383770396463) (16,99,0.6983921415963779) (49,87,0.7707471453032152) (24,69,0.7110988814980639) (81,40,0.7406148497364914) (97,25,0.7230608569297685) (7,43,0.7286732787272935) (95,52,0.7304979014817117) (73,72,0.6762993916169141) (8,27,0.7964362693840445) (13,58,0.765878691550625) (25,38,0.6938309754736836) (76,27,0.6818937428828926) (62,57,0.7011340562446295) (26,3,0.7840085101165324) 
(89,47,0.757563673969564) (72,85,0.7132859089411742) (54,47,0.7533655524370303) (54,83,0.760452857126511) (67,37,0.720561731082362) (33,54,0.6975641024405119) (59,45,0.8113095745315433) (80,92,0.681878167171579) (18,25,0.7843817178412431) (94,27,0.6970261791314654) (10,50,0.7490341835435581) (3,28,0.7247204780615172) (81,7,0.6836608444975442) (26,13,0.7269860741707063) (83,53,0.8271801065274423) (3,19,0.7542730520546576) (74,22,0.7060582130128827) (85,69,0.8153325783964066) (5,95,0.7630765551795322) (52,26,0.7657275593807084) 
(23,25,0.7864648955787816) (84,24,0.7342176615185971) (72,55,0.7412016036730086) (31,62,0.7002915529744874) (39,0,0.6491454683956092) (25,45,0.7042523234108595) (5,90,0.7466897228270806) (69,72,0.7971908466935613) (27,41,0.6339750947638502) (8,6,0.7871512759323599) (95,62,0.7956574421566851) (94,10,0.7312857743967114) (92,12,0.6689001956046) (95,33,0.7883754173519899) (23,24,0.7093482978245373) (90,27,0.7432477655165928) (78,90,0.7199323373862758) (74,60,0.7381018722638732) (39,48,0.7251127714892031) (67,84,0.7878290477971092) 
(4,6,0.6175247732879408) (64,7,0.7006142726689971) (65,80,0.7594176321163862) (60,98,0.8315975297173482) (79,60,0.7171783790327723) (50,93,0.7598300247404148) (77,87,0.6897704600538239) (34,84,0.873998570265325) (52,91,0.7738873341973027) (51,49,0.7846561298163166) (77,18,0.6934929038184037) (65,59,0.728507541313961) (71,26,0.8089750887541646) (58,27,0.6796027675629577) (18,8,0.7079322296821957) (47,57,0.7068713107106058) (73,60,0.7287752203303488) (10,36,0.6513491573201348) (18,94,0.7724983677534993) (37,79,0.6606339118904203) 
(97,92,0.8705929329422959) (56,67,0.7589479072440768) (54,51,0.7637596587766498) (71,29,0.6997132542143383) (51,98,0.7858674733755933) (50,23,0.7772611027403905) (39,22,0.7787463503056742) (53,62,0.8004265464600061) (44,1,0.7101736355604337) (2,37,0.7971094665567917) (41,93,0.7292370886665209) (27,19,0.7343972849308764) (3,92,0.7814448891153839) (5,22,0.7512406242028552) (8,80,0.7445755476488338) (63,20,0.8257690802814353) (97,30,0.7634360772440054) (25,84,0.7387725078740077) (19,81,0.7711337539619553) (80,40,0.7815576148579684) 
(43,16,0.6439810885195306) (21,1,0.7949597634388459) (55,56,0.6595208442738861) (49,29,0.821747874711144) (51,62,0.7511727348809998) (76,61,0.8124860340892814) (19,64,0.769772277522957) (18,96,0.7667076176203398) (24,66,0.7235696981606993) (26,66,0.7556526483799045) (8,7,0.8078716193874126) (69,18,0.7097758049012995) (43,72,0.7771813897213082) (64,55,0.7863916904845691) (28,99,0.8011399985147017) (77,79,0.7852903105024928) (63,96,0.7324818385371265) (89,40,0.8307040602742182) (87,46,0.6808204690272676) (50,42,0.6975211963852614) 
(31,47,0.7589666541851738) (3,60,0.7140429428207999) (12,65,0.7512080495516944) (53,5,0.6846001398627433) (44,42,0.8377755317580633) (23,59,0.7885105922280077) (95,79,0.7522625291767463) (7,98,0.8247759004482637) (65,87,0.7746842489405589) (38,30,0.8046564642366318) (89,82,0.6825467207566093) (26,97,0.7988703010569346) (6,19,0.7643605024556511) (59,4,0.8256021880900724) (69,74,0.7653152814411434) (32,92,0.8298518636039189) (19,21,0.7679289119015742) (80,75,0.7570230106133041) (55,43,0.8313086031067337) (32,19,0.8068711492439327) 
(57,9,0.7204261664885752) (20,36,0.7146491310833283) (41,71,0.7659954820539533) (24,32,0.7643637723688137) (18,41,0.7326011677415121) (75,59,0.8186559128447217) (60,29,0.7572203740021597) (27,21,0.705725960026183) (73,10,0.731921724112639) (99,5,0.7837775470110134) (79,75,0.7386568647124033) (46,65,0.8645161010460062) (28,76,0.8235346430595044) (0,27,0.7571281339142354) (15,41,0.7604658201063588) (47,81,0.8077944102171801) (45,0,0.7441050558053912) (78,45,0.6785331592100923) (71,81,0.7928879794834232) (17,1,0.739090555039088) 
(91,8,0.756294207610226) (47,83,0.7699864190428342) (8,22,0.7836530857164086) (57,1,0.8146327454402928) (71,48,0.7416301581293894) (33,78,0.7975003478182782) (8,86,0.7486887434637631) (90,25,0.7837556460460517) (61,35,0.802964570290019) (84,31,0.7875520031061324) (93,15,0.866171493460383) (33,44,0.7515495213945517) (78,76,0.7922902279772785) (24,23,0.6792737383677668) (59,1,0.7010630478833695) (79,94,0.7544094128802316) (2,68,0.718848142824431) (64,27,0.6909364935635185) (8,40,0.7928489873543875) (29,86,0.714235794843268) 
(21,98,0.8110831685771687) (42,6,0.7153287361977476) (95,34,0.7682965872653131) (53,39,0.6517709331908786) (98,85,0.788119622450808) (57,56,0.8412512055343718) (0,87,0.6903157231181333) (0,92,0.7410509325616923) (66,22,0.7291790279205185) (29,59,0.6912334109291167) (26,20,0.8267142353559314) (76,14,0.743312238427555) (76,3,0.7999219648718634) (61,36,0.6980229651626009) (49,41,0.7535076547552408) (80,17,0.7619765169274604) (92,41,0.6868845362231821) (39,61,0.7033066803043807) (74,65,0.7509357413545513) (34,15,0.7623892594860372) 
(13,41,0.6837299497557721) (49,66,0.7494718407939234) (66,51,0.7818050675578683) (91,25,0.7760778064360961) (58,3,0.8383797393236423) (41,11,0.790353377665572) (60,16,0.6881400195855429) (63,33,0.8125405510173727) (29,75,0.8049465583584586) (82,80,0.7247044511206309) (54,84,0.6837863895469107) (58,40,0.7581204533957) (76,95,0.8199512152093748) (34,35,0.7871979340858242) (1,87,0.7889308247912631) (88,11,0.7871164051245967) (21,22,0.7113859728700731) (97,8,0.736086394595527) (87,98,0.7201110063815895) (56,86,0.8059976468611234) 
(66,70,0.701507582315805) (69,54,0.7598617048618417) (93,78,0.7447082240625444) (73,61,0.7359364823172153) (70,78,0.717368867393729) (25,57,0.7256984179104806) (23,26,0.7457817879629755) (71,13,0.7700166180489891) (74,48,0.8562315986818773) (76,45,0.7841758644867176) (65,38,0.778797454993545) (81,44,0.8437443776913045) (64,3,0.7186056144134194) (49,91,0.7486526141050727) (26,42,0.7375358011396879) (35,18,0.7819896746788327) (57,62,0.765133947906423) (79,45,0.8150388706790572) (30,34,0.7820336196046677) (13,85,0.7287755787022064) 
(27,24,0.6867681679819707) (40,94,0.7110438446746106) (88,68,0.7242899356467981) (55,53,0.6852849654799912) (9,98,0.690385169945205) (17,29,0.7443282561026978) (0,19,0.790158785301645) (86,92,0.7253406611811135) (73,98,0.7104263512782852) (89,95,0.8122810280350174) (60,90,0.8164833708675466) (50,85,0.839977316505736) (1,59,0.7839563988984062) (41,93,0.6721984543694092) (88,22,0.6518964371455176) (6,87,0.7292034834004503) (79,80,0.7705160560079904) (64,2,0.7731570586052833) (77,57,0.7197312965827449) (56,3,0.7970987804648574) 
(7,75,0.7941444605696872) (38,44,0.7848875789737029) (23,61,0.7490625043132811) (92,18,0.7256414227268927) (1,90,0.733028709706606) (0,82,0.913762443442945) (82,24,0.7493562594007342) (61,58,0.7727507562169188) (57,15,0.7479061521595135) (59,90,0.6865236422747106) (20,62,0.7505562785931451) (89,37,0.6378319096595029) (31,6,0.7674454871002756) (82,33,0.7541138760305036) (62,37,0.806710034324934) (79,36,0.8198410181591377) (91,24,0.8289502822455854) (7,4,0.8264939974748563) (95,84,0.9156900467489423) (99,19,0.8194175274924379) 
(84,18,0.8254466368130194) (83,31,0.7482561011343547) (37,38,0.6565758414013791) (62,48,0.7404115309415075) (89,64,0.7446006547163116) (61,2,0.7345698509806854) (79,74,0.7940329722508597) (70,56,0.8359843810026601) (48,93,0.7066873123793476) (56,92,0.7101792388631339) (14,99,0.7703673095498403) (65,80,0.7045991177730125) (0,47,0.7212606624659781) (95,17,0.7822997042127513) (9,4,0.7541417486369) (58,45,0.6179150128602063) (17,1,0.6816517095258997) (10,28,0.6955002022848489) (37,96,0.7317379878455872) (18,48,0.7490409468429219) 
(61,75,0.7567456263600983) (63,5,0.6905770039248108) (36,99,0.7906494517984887) (72,81,0.8005544605278011) (79,74,0.7816022628860332) (98,27,0.7123114925819437) (69,52,0.7084940114409743) (63,68,0.7734711844023393) (90,56,0.7458857751513258) (77,26,0.786650283845516) (55,33,0.7233322992363103) (97,39,0.773167347877978) (67,65,0.6764483433361959) (84,9,0.693948273727099) (79,6,0.7759687386605123) (91,25,0.6899454438567907) (17,58,0.7605607713638634) (61,10,0.7273080417276464) (78,87,0.7836844062733426) (71,57,0.7759224772227828) 
(65,17,0.7828212893137111) (2,19,0.7406236034202991) (89,67,0.8017311828430022) (86,41,0.7571487818422443) (70,13,0.7783083793723597) (20,75,0.7315554401474003) (48,50,0.7639036707567237) (85,47,0.7762331563487193) (35,37,0.7334950788674913) (93,84,0.742948778434654) (17,79,0.7356925406555224) (32,48,0.7736973610143878) (53,9,0.7499397256427038) (68,48,0.7112470184767565) (24,13,0.6594366267073739) (88,47,0.8093752479056585) (31,89,0.7635774229266397) (7,9,0.7268872088259646) (12,2,0.8052001053723231) (0,7,0.6873015364019769) 
(29,68,0.767852985961551) (74,87,0.7964207931502216) (27,65,0.7223941284953117) (68,99,0.7327912038972791) (91,2,0.7909267039093466) (34,17,0.8302002197232112) (84,81,0.6989763193929356) (58,48,0.8155750432016802) (73,67,0.7249601963890727) (12,84,0.7500570533832752) (68,55,0.7021241570420198) (44,37,0.7819313572198727) (43,17,0.7334832600437624) (24,52,0.7823577852812806) (12,77,0.7328943439213776) (64,36,0.756890754606845) (73,83,0.6465467059335602) (98,76,0.6828515536270945) (80,26,0.7374072264180891) (97,75,0.6510376585443383) 
(88,83,0.7603080318946307) (71,30,0.7381565518182618) (99,42,0.8439735916562237) (48,60,0.824396752388441) (12,39,0.8389363411603219) (47,49,0.6783957615433905) (27,63,0.72052258607459) (88,42,0.7461753037061527) (9,80,0.7951438413936289) (83,48,0.8052007419395362) (21,15,0.7878743604507276) (57,73,0.7542617876615079) (11,75,0.7108143919534202) (3,99,0.7972483419497358) (1,20,0.7399524993208237) (44,2,0.7568793136490224) (31,72,0.7383187625648933) (82,52,0.6949356339550752) (48,25,0.7157868735156181) (2,83,0.8171582859860783) 
(24,68,0.813590125384908) (18,26,0.7063152057609563) (30,36,0.8106462437532994) (71,10,0.7437966390100402) (45,48,0.7588126299014104) (68,67,0.8271878220928937) (96,60,0.6846659829692026) (34,18,0.7128927234867882) (73,49,0.6603000918842736) (53,48,0.8352344155246064) (94,54,0.8415595768629996) (93,56,0.8105515789806697) (78,23,0.6691826971733832) (42,76,0.7387300218199885) (93,67,0.7301367449835477) (73,66,0.6829522488112141) (22,26,0.760919956988048) (14,66,0.7896831747536806) (75,40,0.8292461752071808) (22,28,0.6050343101333934) 
(69,2,0.7177218293913817) (49,55,0.6947815690165687) (45,11,0.6988677301398709) (59,37,0.6832263010237639) (56,75,0.835387422291805) (6,21,0.7740685697185341) (60,79,0.6357827826301043) (99,83,0.704733095499816) (92,18,0.8015400189137585) (57,32,0.8128507985506803) (50,32,0.7969732098861431) (78,74,0.8305499480885618) (57,98,0.7552177731457618) (75,85,0.7153282234046845) (75,11,0.7453001591522279) (62,95,0.8249474029532659) (71,56,0.7908387992666351) (28,41,0.724392834990182) (37,57,0.8267504452301664) (91,97,0.6211863686139956) 
(7,85,0.7726789545333191) (41,58,0.7397261489938147) (16,47,0.7124260651210382) (95,6,0.7372194041029593) (50,13,0.766745328407711) (87,18,0.7248037829014816) (7,69,0.7898345296544421) (7,75,0.7278590910249065) (55,44,0.6586668417511604) (39,12,0.742821680988878) (93,51,0.8200862471890458) (92,5,0.7717354400478077) (17,90,0.7896193127480328) (30,92,0.7437992035646745) (97,89,0.7647742514702436) (16,23,0.7517278268803727) (78,13,0.7431611223477024) (45,43,0.7428624737812834) (76,23,0.6675527348126005) (39,43,0.6856096134131944) 
(88,97,0.6933579341717752) (90,40,0.7220399240924433) (8,12,0.8014751249095733) (46,8,0.8342411165181224) (87,77,0.743093902059772) (14,69,0.8235326990570134) (79,67,0.7370901209430801) (80,55,0.6588300639676906) (93,53,0.7470157604246855) (1,13,0.6862230364233995) (30,4,0.7935006473014741) (12,95,0.726355737631552) (83,88,0.7466374036384941) (6,89,0.7540359704353751) (44,95,0.756446030599141) (48,71,0.7841257096466023) (90,67,0.6644505069605899) (20,67,0.7192072684759165) (7,85,0.7687686865979722) (7,34,0.8130914874697015) 
(45,25,0.8426351907184149) (63,28,0.720132844873149) (83,96,0.6667659899456673) (20,33,0.7751375292965528) (24,5,0.7354044311933161) (95,57,0.7784538877294916) (37,56,0.7450926727179279) (82,88,0.6425313023637951) (86,90,0.7102989563600408) (8,28,0.8459672912804792) (42,60,0.8066388314334256) (85,88,0.7876590106923551) (23,24,0.6665751983682197) (3,27,0.7972887096159494) (88,50,0.7377664506329139) (99,97,0.7294263786066509) (37,27,0.6952381607282625) (61,15,0.7589288301963243) (96,95,0.7740905325195857) (99,81,0.7921686424366051) 
(30,20,0.7569743611019261) (17,52,0.7489503300688821) (82,76,0.7388052418822716) (59,92,0.7989993172387864) (36,73,0.7668969519693309) (86,75,0.6659878735198266) (19,17,0.7417606507944552) (74,6,0.7983338274203331) (92,76,0.7514465613029495) (12,62,0.7278974351396772) (93,28,0.6481601042346435) (69,16,0.7850928987925422) (85,43,0.8155349269523804) (56,30,0.7858696669261968) (47,58,0.7983504021804294) (2,81,0.8067703943285383) (15,68,0.7779704881732052) (6,84,0.7474003849737854) (85,77,0.7396173027682994) (42,85,0.6402575064815964) 
(35,11,0.7613727842701682) (16,28,0.7714624972447763) (6,43,0.7711559049528071) (20,62,0.6928516134787763) (16,53,0.7269136082357065) (3,69,0.8055132620812091) (60,30,0.764782230803785) (85,17,0.741154966186339) (51,50,0.6997141463316474) (98,57,0.6379377386220946) (93,41,0.6989996114062631) (65,58,0.7359560054365768) (94,87,0.7926047386772709) (81,36,0.7170733054411695) (68,44,0.7208590057920532) (55,42,0.8042865608466891) (7,91,0.7755006057126166) (59,12,0.5942319751770802) (42,49,0.799125539768868) (19,37,0.8341913153600851) 
(21,24,0.8043821889471127) (17,64,0.7494449851899704) (48,18,0.7643926693703434) (30,77,0.8573168691452246) (7,90,0.7870008924449867) (15,1,0.7537289648958019) (29,94,0.7329364906844444) (51,72,0.8276670767216757) (40,3,0.6943006750437096) (30,51,0.7041132738327585) (12,94,0.7071957393095634) (12,22,0.7767154357751728) (52,16,0.7880109925156624) (34,4,0.6951433524431212) (47,11,0.7892071063250075) (15,19,0.7644317830050454) (91,13,0.7561910175794759) (32,26,0.7418287267126091) (26,67,0.7741829882623248) (87,68,0.7585517269978969) 
(65,0,0.7393387245208969) (2,5,0.6820828551534844) (91,33,0.7356103869879879) (21,76,0.7731502079059526) (77,60,0.7986404416012177) (68,37,0.7471034980650989) (17,72,0.7082008108335286) (91,81,0.8134265931860423) (89,84,0.701424358101979) (54,92,0.6953905684514162) (68,90,0.7630964400940471) (12,36,0.729136556410153) (29,50,0.8093132755706951) (77,70,0.7997487679651569) (91,65,0.7618850904663351) (18,97,0.7306729201578783) (95,29,0.7918762686317193) (5,37,0.8033283642978742) (53,82,0.7371514261238891) (69,28,0.7291853952113834) 
(30,65,0.7129965210692201) (22,89,0.7121643593453529) (29,67,0.6377609290725273) (91,82,0.854302924020624) (61,78,0.7327068156670995) (75,50,0.7248516186719653) (78,59,0.7175446944011811) (71,40,0.6845032829525276) (65,89,0.6308618320034036) (96,19,0.7865171438579287) (12,35,0.7614725489121458) (97,28,0.6936651190993942) (21,3,0.8080515877141814) (23,36,0.7624701336735245) (46,39,0.7343182734443977) (71,56,0.704933037132034) (56,88,0.7657419360802581) (25,69,0.7775002691623262) (36,20,0.758722388668846) (92,98,0.7075354562503264) 
(38,68,0.6906111127404532) (44,37,0.7001557245062848) (17,44,0.7858928328444378) (99,43,0.7615340824621419) (87,24,0.7703120139209683) (17,76,0.8074114902682473) (23,40,0.8116898775344249) (81,20,0.7320949411745001) (46,93,0.7157198317623917) (6,89,0.6954498294543381) (44,43,0.7688014102064263) (51,36,0.8095587573996506) (33,95,0.8919570129923966) (19,26,0.7081335643459149) (77,55,0.7769377791707047) (97,87,0.7548483606101316) (4,21,0.7460668708589543) (55,98,0.7212842470558859) (72,7,0.6882734587661056) (76,85,0.7491092900245113) 
(46,77,0.7305995329417113) (91,78,0.7920927098993754) (29,19,0.6804916894304807) (54,94,0.8451748441946638) (1,51,0.7094889758024108) (97,12,0.6657760694000847) (25,38,0.7716782812826266) (60,1,0.868354239551328) (64,50,0.6896041370165784) (54,55,0.797506499719626) (64,71,0.8616663517808971) (56,50,0.7665009336603157) (67,84,0.7341112115292859) (48,2,0.7472862841410615) (30,22,0.8109826163192759) (95,42,0.7478148426924137) (34,47,0.7549449067234509) (81,83,0.7332224918629545) (36,8,0.8069477313271067) (38,55,0.7755118651040387) 
(51,2,0.732810667085252) (94,19,0.7189521479227851) (27,34,0.832977057304576) (47,93,0.6896400543016233) (30,90,0.8337059632235067) (43,82,0.7780122044765333) (35,27,0.8984418023890556) (88,86,0.6607759028403324) (24,27,0.774910447088473) (37,28,0.7177824767001695) (94,72,0.7154835093438436) (73,39,0.7320820806223103) (84,73,0.8090243683671816) (89,32,0.7952553184784559) (78,55,0.7350589338275914) (5,26,0.7947203470648939) (27,23,0.857320003769882) (66,33,0.8031231645119679) (70,5,0.6763332793778223) (2,81,0.854521581150499) 
(88,26,0.7036495550257728) (3,11,0.6923632256125785) (89,91,0.6931585271830321) (63,1,0.6837185890639457) (7,61,0.7940304051768294) (81,32,0.7782452251482822) (6,88,0.821056861524968) (28,16,0.7992483236524525) (36,92,0.7284246247459965) (83,74,0.78737005257951) (55,85,0.8270556171216626) (26,98,0.733130037802509) (22,74,0.736085794223494) (15,7,0.6928093963521602) (89,10,0.8525214668813768) (34,94,0.7440765171692264) (44,97,0.6660622936729341) (58,94,0.7336445937659449) (61,73,0.7868194013476796) (74,98,0.7800386992611158) 
(63,56,0.7938743431166254) (95,4,0.7381079991019919) (57,42,0.7708836685814101) (97,69,0.7210218494970456) (97,30,0.7756945560018133) (46,18,0.6971150965233731) (94,4,0.8328169201105761) (37,50,0.8004032467413003) (86,87,0.7651838428151561) (23,51,0.7248330893220443) (3,90,0.6823985186153058) (3,87,0.7611193284257648) (28,52,0.7654878717104266) (17,0,0.8369619751522788) (4,59,0.7606982071738038) (2,80,0.7459432406596143) (41,37,0.7725690051212454) (42,78,0.7488049605772312) (99,90,0.7754061209036669) (86,20,0.7321910250802515) 
(14,82,0.8254592734767527) (29,26,0.8087255554839778) (46,38,0.7205331201493008) (64,49,0.6735581065481588) (55,35,0.6693897905793258) (73,61,0.7147653398208071) (86,83,0.7163222647837763) (13,82,0.8374082916724219) (99,14,0.7097354256668271) (60,16,0.7611328392996503) (48,65,0.751559243251476) (4,84,0.7929618505995738) (30,10,0.7184362033425999) (56,9,0.729006886928558) (50,45,0.6604389443354937) (80,24,0.7102138018849622) (20,71,0.6987800661479154) (66,6,0.7167209895285578) (47,85,0.7270427184713104) (7,88,0.7163225734558881) 
(67,11,0.7877648845074467) (59,70,0.7358467056951178) (55,67,0.7612823714290976) (29,25,0.7513395223731533) (62,58,0.7539874583736619) (59,18,0.7682250563022679) (48,37,0.6629995413055709) (74,25,0.7273330292479695) (31,95,0.7287810308898891) (84,11,0.7052971366940516) (99,55,0.7767302695832664) (30,72,0.8223802200613337) (14,18,0.738027534845842) (68,79,0.7266631787797981) (94,65,0.6950039476942862) (41,57,0.7093956982595648) (28,23,0.7282640788186544) (51,47,0.7679815076265564) (58,12,0.7332799804441941) (49,37,0.7300840607001599) 
(37,90,0.7430620844853002) (33,94,0.7260637863225269) (86,50,0.68581357558396) (53,71,0.7461137491940615) (77,70,0.7230224035600485) (83,28,0.7451416471917358) (70,68,0.6979125979046411) (94,60,0.7329398313107842) (57,81,0.730345499863647) (20,33,0.7030038271098908) (10,50,0.7697833316443745) (58,21,0.7318027226525633) (55,33,0.8092133082568567) (67,89,0.6985910182545533) (3,8,0.7096239616240309) (15,50,0.7644092641943285) (96,67,0.8191377152768783) (45,67,0.7865667558700913) (43,60,0.71918952431407) (54,57,0.7386257010865751) 
(91,88,0.8194476447236251) (45,28,0.6921602179584047) (89,58,0.7842202489851455) (6,4,0.8044907494943377) (21,15,0.7501473995998057) (36,83,0.758393888122684) (61,5,0.883140552943391) (52,9,0.7511701554054608) (77,30,0.8031940537247901) (66,63,0.7592011626364632) (87,49,0.7310544494401728) (40,20,0.6830276303440571) (72,94,0.6970274334263314) (7,84,0.7448108543277242) (68,16,0.7589255025176642) (52,60,0.7669413713161373) (69,62,0.8191503283296301) (6,45,0.6916989843965236) (83,95,0.7324644900960754) (27,0,0.7254624214465589) 
(4,2,0.7546068895110465) (57,63,0.7815738705685092) (16,20,0.7350470304525173) (44,14,0.7498064786040876) (38,31,0.7922475593211943) (48,30,0.7339232898693019) (95,8,0.789323699197106) (33,60,0.7070781747033954) (14,19,0.6938387198608562) (6,77,0.7306889996193084) (43,82,0.7493903774761257) (52,23,0.753034224538369) (40,43,0.7556088575404409) (19,85,0.816061304557847) (0,28,0.766283904464175) (33,36,0.7967310429005836) (59,78,0.8417411067564147) (61,32,0.720350593251968) (72,80,0.7229059802160008) (35,3,0.6186211519160797) 
(49,24,0.7109442445954234) (34,29,0.7419623111354854) (25,11,0.8007160692126831) (97,25,0.692183136990666) (32,15,0.6319499287648662) (36,10,0.7343014317233874) (67,61,0.761445017486973) (68,18,0.8978706344651675) (45,48,0.7640292686843478) (51,22,0.7446992215100667) (56,15,0.7581542567416104) (32,86,0.7780396786190004) (84,43,0.8072802569360844) (47,50,0.8376518807744101) (60,41,0.776604104437902) (19,70,0.7704561190725961) (14,92,0.7269006766489733) (56,72,0.7102668198453682) (27,18,0.7714715819009342) (72,9,0.7755256769494614) 
(31,13,0.774517331631082) (17,2,0.7714039098864938) (23,89,0.7449684980713656) (6,17,0.7713753054155231) (51,85,0.7205287737128837) (8,48,0.7333287465477822) (48,46,0.7921126098423364) (46,69,0.8144804793310443) (50,48,0.7616698760313974) (13,6,0.6590787143284561) (64,34,0.6959979162624763) (21,11,0.6537153098276747) (23,41,0.804778000755389) (47,91,0.677295081567403) (40,23,0.7152229787359426) (0,32,0.7072848244149459) (48,80,0.7809066362690839) (23,92,0.7472608823348013) (26,69,0.6917137441969174) (67,62,0.7003309812861886) 
(81,14,0.7127742677532) (11,0,0.7583296101488914) (77,27,0.8511663133124074) (87,12,0.7258692758588049) (61,74,0.8157412370948667) (35,9,0.790246969709207) (69,68,0.7287232850759388) (4,33,0.7364156287793828) (96,14,0.7897192415116124) (60,50,0.6980962207871869) (99,84,0.8299387955061324) (36,4,0.751609057987173) (34,13,0.751336004249389) (3,55,0.6571598984786692) (43,15,0.7842320761534308) (53,22,0.759530378533354) (9,31,0.6917101894501976) (90,40,0.7127135502755595) (44,72,0.8545688218527927) (93,62,0.776748582144634) 
(44,4,0.6891287584374848) (76,45,0.7275062786030493) (18,62,0.712886725645365) (36,18,0.8131913175859322) (39,42,0.7738127241467199) (84,64,0.724184292751399) (26,32,0.7975650224737921) (25,12,0.7352019011812194) (55,96,0.7468034742901191) (83,52,0.7570711184376951) (84,80,0.6991221300684843) (85,24,0.7527679512924729) (26,75,0.7965816216498909) (14,18,0.8011192035047331) (30,98,0.7857525893186298) (1,95,0.740117523601021) (56,77,0.7057151126210652) (9,77,0.756879462677199) (82,31,0.6962828301290072) (85,8,0.7381509054743659) 
(32,53,0.856744459191482) (65,86,0.8438588997704709) (43,83,0.8284628701227802) (38,22,0.8334728426666441) (3,46,0.8228080564183942) (20,40,0.6926744088191157) (40,30,0.6591467735738312) (13,92,0.7245507806022973) (66,45,0.7048378058046695) (41,82,0.6964691310979985) (77,63,0.8196592931084128) (40,46,0.7665482244035642) (25,17,0.723271638971049) (21,23,0.7688451178613223) (4,54,0.6421287130419944) (0,28,0.7676903198113136) (48,85,0.7541255081601398) (35,76,0.8299970152862519) (27,31,0.7862268756269541) (13,31,0.7805415603129312) 
(27,26,0.6800831764124617) (72,53,0.723855604394868) (98,64,0.65576849519545) (8,7,0.7315976887212788) (9,78,0.8352966108436797) (81,87,0.7361328395381731) (80,73,0.79085173980466) (12,65,0.7092820517744749) (6,99,0.8161190627474648) (28,58,0.7552143733543402) (22,77,0.7596628077281371) (22,24,0.7485819137998152) (32,55,0.7474007762423508) (7,46,0.7414157845379586) (69,1,0.7689564643350215) (11,4,0.7794894046568044) (56,49,0.7315116942957776) (38,6,0.6197492805349138) (11,30,0.7791457795731241) (66,15,0.7730597552313352) 
(4,34,0.692856876144977) (97,10,0.7927047940571003) (36,70,0.7050921853417492) (46,78,0.8946728999693887) (54,30,0.7030869120689835) (22,31,0.7840160270154966) (75,17,0.813949886333998) (41,46,0.788602114506483) (22,16,0.7974727713017304) (40,4,0.7411550498737534) (35,63,0.6957204167700869) (5,26,0.7814275359413744) (32,80,0.7538337296248887) (85,62,0.7422497904259961) (79,92,0.7027576394079234) (28,50,0.7221815053677679) (99,2,0.6532381322170099) (72,63,0.749057852940852) (52,63,0.7586698111665836) (68,81,0.7203269854049288) 
(13,49,0.696033464709666) (15,81,0.7419504014070415) (75,94,0.8299170840133188) (90,30,0.6414841508222177) (31,84,0.7574803853613608) (73,64,0.676638714965208) (81,0,0.6900217009232315) (86,98,0.7920469596001618) (3,30,0.7697958586427976) (74,99,0.7723553049307349) (66,29,0.7733905625616087) (39,68,0.7314738157323026) (63,81,0.7465597611748493) (53,42,0.7039046484227605) (76,86,0.7242830173514152) (36,99,0.7906095866562386) (3,87,0.7457211035854261) (85,69,0.8502931003598381) (85,75,0.7563237678026945) (23,32,0.7213140825720594) 
(57,41,0.6934043542391245) (40,11,0.7672673452661061) (34,53,0.8595341842478015) (19,9,0.7521907632830622) (82,96,0.8159403260759297) (7,46,0.7841170575753688) (36,68,0.8094465268656078) (3,96,0.6607761047224158) (8,36,0.7624115415764949) (35,15,0.6148656709844328) (63,84,0.6949212406888658) (4,36,0.8106976358342348) (35,71,0.7368512730623494) (64,85,0.6772216155389531) (54,19,0.7048709859155813) (20,75,0.7021876279770334) (72,89,0.7692872836057214) (48,0,0.7822823316528199) (69,89,0.7724391303707209) (58,1,0.683760929716101) 
(73,43,0.8283605388562167) (59,25,0.7542365113107079) (57,15,0.6970696288583454) (25,87,0.7664649616170647) (16,65,0.6836025751758169) (27,39,0.7071964419510665) (15,39,0.7201514593539954) (17,7,0.7653283607715596) (73,98,0.7964569803349215) (4,53,0.6847967942629043) (53,72,0.7337425109608577) (8,97,0.736941811217629) (73,15,0.8462196840216369) (22,31,0.6956346022134702) (17,49,0.721254028925658) (56,42,0.8142717422573663) (95,85,0.8076944347653076) (40,31,0.8050298919269556) (93,15,0.7071331016138187) (81,3,0.7498462110273724) 
(90,74,0.7050806269860195) (50,80,0.7424979175734776) (97,80,0.7302791550948781) (83,51,0.7257880070976868) (88,15,0.666237061058878) (35,10,0.8018544575030453) (49,63,0.7760187196922052) (39,26,0.7973333820461185) (82,10,0.7666596311232159) (54,5,0.7807469547914351) (25,9,0.8024044551140678) (25,58,0.7440582738226219) (30,64,0.7497199878921782) (9,79,0.7582637246297861) (69,5,0.7596584582813747) (88,5,0.781167914116805) (32,77,0.6440747573152965) (72,71,0.7059081520569861) (42,46,0.8082496840275254) (32,55,0.7101321371947722) 
(27,56,0.6774728560647143) (59,15,0.7938995453950772) (27,31,0.7523333669799612) (85,71,0.6967423815806792) (53,42,0.7680789729418523) (69,63,0.7702368043791511) (93,0,0.7869484761762454) (8,39,0.736924844207) (84,29,0.6653200813625056) (52,90,0.7725972789396668) (14,79,0.7090485998162014) (34,51,0.7739868612378497) (69,41,0.7391612154217893) (89,5,0.7987186114619809) (63,11,0.7258199691641755) (87,64,0.8045798078793983) (29,54,0.6767497419568838) (85,80,0.7562627419775904) (71,65,0.7399622146987473) (75,26,0.7647492481780064) 
(64,27,0.7747785596143868) (2,9,0.7026337744694737) (8,83,0.6645548835379979) (79,84,0.7675525202806082) (38,33,0.6914762478091747) (4,12,0.8203702594702562) (66,47,0.7395662001997875) (43,37,0.7332712502355407) (19,13,0.7665627931018861) (73,50,0.7481798018057091) (26,51,0.695920152866702) (49,10,0.6483941801086294) (26,36,0.7480463158948629) (12,72,0.785923207023023) (86,25,0.7791115097456893) (72,90,0.7015581831270725) (34,24,0.812830321681782) (96,58,0.6981934760511631) (95,29,0.8356825951699961) (41,48,0.7237501516814301) 
(26,28,0.7834386311972961) (99,53,0.7189059443220478) (93,63,0.7502330551498104) (49,79,0.8035849669924865) (53,9,0.7164763316427518) (21,9,0.734811690124006) (41,11,0.7650826618944547) (35,11,0.7939787773823197) (84,41,0.7943872317754793) (53,67,0.7129295282286904) (98,31,0.7763953397933774) (91,55,0.7022451842303875) (92,95,0.6828140201049391) (84,62,0.7873263737041402) (85,51,0.7178978294590548) (91,72,0.802396128323011) (75,18,0.8134134443659) (68,96,0.7724385058669392) (54,94,0.7099881890337987) (75,93,0.7037754473404825) 
(89,96,0.6949266288345399) (7,53,0.744890361397351) (0,84,0.7271108085286825) (61,17,0.6734558192485857) (27,9,0.7991727292827729) (52,82,0.6304911455512203) (63,45,0.8529483403806005) (9,94,0.7376163928525424) (35,27,0.7796830618397821) (39,82,0.6816620959154011) (1,89,0.7742063584604724) (3,91,0.7220580445478124) (79,46,0.72605345475072) (80,88,0.7728779252568954) (38,18,0.7303620042466136) (92,99,0.7279920514820649) (70,1,0.8083825499398226) (20,33,0.7643480970187047) (69,78,0.7075343689015736) (2,49,0.7300531917308477) 
(89,58,0.7510807898923415) (11,67,0.7875122995639315) (50,53,0.7307256070506277) (6,8,0.7100622607929074) (52,4,0.8198379381303442) (13,81,0.7688376646647553) (88,23,0.7911832241853598) (51,44,0.7109168613802144) (1,60,0.77829785155166) (78,58,0.7194921196732459) (24,3,0.7724327234600652) (46,83,0.7608357127505865) (73,23,0.7135403271170078) (49,76,0.6882695068384237) (68,41,0.7906988888673129) (97,39,0.7189533534156132) (54,59,0.8041749213330871) (9,27,0.6696407015348536) (21,96,0.7545619400776327) (23,40,0.7190308888596939) 
(34,31,0.7687810485334695) (39,37,0.7491978440871903) (53,35,0.787586975885414) (31,29,0.6681614414774513) (89,86,0.7210754201674967) (98,8,0.7820457685270245) (80,6,0.7790501647632663) (26,44,0.6787835309637434) (42,45,0.7705302776596069) (62,16,0.6820158514340001) (71,30,0.6955033034106198) (93,4,0.7277760649175459) (44,43,0.8278388421814576) (39,60,0.7318930877195765) (10,86,0.7689544756566308) (98,7,0.6275861650237056) (90,87,0.7926384309892108) (21,75,0.7617023000171163) (6,75,0.7592186998086402) (51,35,0.8559128938910522) 
(38,14,0.7527508044771279) (11,38,0.7138302777181809) (32,88,0.6692043335324708) (26,30,0.6836570191880705) (59,76,0.7811525617129217) (76,91,0.6930629066042487) (51,87,0.7444035015806189) (64,0,0.7351130535396536) (93,77,0.7882803665705282) (91,80,0.7667480289117137) (11,33,0.7854437487048498) (86,41,0.702514119525621) (9,27,0.7346835348795795) (72,67,0.7137621828042803) (59,37,0.6827699453947313) (34,5,0.7272808049903107) (99,32,0.8049821629455285) (97,91,0.7325155422190437) (17,68,0.7197836635500711) (83,15,0.7247921271697805) 
(31,29,0.7698571381669945) (15,6,0.8490777869772915) (55,57,0.8060559867256196) (4,31,0.776112570843983) (68,8,0.7416092783180553) (21,18,0.7187140667598053) (31,65,0.7066224455098495) (47,93,0.7411283968286173) (83,34,0.7559388140695698) (55,49,0.7250784913115724) (35,24,0.6886907608700861) (90,84,0.8212045042335643) (63,35,0.6800242610755719) (2,63,0.7618995805393443) (34,68,0.7634892211631576) (16,40,0.6849418863689392) (39,43,0.8520738909283662) (95,81,0.7702790959453442) (85,11,0.7374880577057125) (76,66,0.7905984745842878) 
(91,3,0.7070190438776919) (83,15,0.7309023356460767) (61,78,0.7450774767826681) (87,39,0.7493702672378931) (61,98,0.7089104257329398) (58,22,0.7755963363426214) (13,60,0.6746371347314717) (86,76,0.7752148938423893) (46,67,0.7256818109471579) (24,56,0.8542275872552617) (69,54,0.8347406728770697) (35,31,0.7475984403020519) (94,36,0.7661497467151652) (64,11,0.7749284136634519) (5,77,0.7447243268036838) (68,32,0.7546494094421022) (45,86,0.7422121212840737) (36,1,0.7681860769403682) (76,72,0.808625890387544) (52,23,0.7662517836589944) 
(4,64,0.7363095453332104) (59,65,0.7450847999288313) (12,81,0.8062712296056896) (76,19,0.7192706420180944) (17,53,0.7414956561917333) (2,6,0.7636735466510794) (24,19,0.6712206334260157) (62,96,0.7214501392563699) (50,98,0.6988483342470581) (66,56,0.7495824938264708) (22,41,0.6946883890328933) (93,63,0.7533248527368847) (4,5,0.7687277099570924) (26,66,0.769341179575374) (16,22,0.7667748275890447) (30,48,0.728709193449775) (10,87,0.7389360753384245) (12,98,0.8270045254154232) (71,68,0.7430731830932904) (57,31,0.8925747082405219) 
(39,64,0.7149074690558838) (87,2,0.7133315906023445) (98,72,0.7971360832523636) (83,1,0.7273105889697344) (21,44,0.7259537406437843) (49,59,0.8045140546632649) (2,58,0.7082298637686176) (19,6,0.7851713479750065) (41,68,0.7756726027924693) (8,20,0.7154441450033978) (3,41,0.6989729491607246) (65,28,0.7090097283324379) (45,10,0.7813695007872665) (78,24,0.667426234409037) (26,11,0.7016193284338172) (48,50,0.8228611405802483) (89,76,0.700506205427278) (3,64,0.7711616764493274) (72,88,0.6798448774470394) (28,94,0.7207077260326834) 
(72,79,0.6480521771179651) (1,36,0.7096260218285172) (84,31,0.7257964526754281) (28,58,0.7769905134913304) (92,49,0.6656333038373448) (43,29,0.7503803437144816) (6,12,0.7402614754673117) (76,1,0.7847499652595802) (93,92,0.8451080354242986) (3,57,0.8252272821436006) (21,62,0.7950604568153214) (84,9,0.744996747808569) (83,92,0.7669001548406976) (90,10,0.7752253634764847) (2,33,0.758445833862241) (90,11,0.8120896044058021) (77,35,0.8051684219407477) (24,93,0.7407467196991243) (44,42,0.8260439101727067) (28,14,0.7343167972532453) 
(60,79,0.769132007141447) (24,33,0.7992928852274049) (24,83,0.7599774455522121) (26,79,0.7410427223822157) (48,40,0.7802508669108392) (28,83,0.7394554436279228) (29,76,0.7527817321392252) (99,46,0.8344648027802255) (56,18,0.7588561377987874) (34,99,0.7448518157519449) (31,35,0.7392859511214527) (92,17,0.7471230055728735) (44,56,0.7417569613248707) (40,65,0.7547156148055096) (96,4,0.8335973769638346) (27,12,0.7303670492945076) (86,71,0.6823140580863195) (87,6,0.7273607802946804) (17,79,0.7785099625054391) (36,89,0.8091516309581192) 
(39,64,0.6539913083357812) (14,35,0.6453980549878072) (92,0,0.807262371818611) (79,97,0.7447483825264778) (66,69,0.8043272602010504) (49,24,0.6898334184205646) (93,87,0.8445969515952619) (72,88,0.7322019006576239) (49,78,0.6965866028540073) (19,18,0.7518266494011409) (96,15,0.686851321996462) (21,38,0.8130922924071513) (50,30,0.8768186660439332) (34,32,0.6418840761799598) (32,88,0.7245743372854159) (90,11,0.775837085834161) (36,55,0.738414609600472) (15,47,0.6524805176301971) (58,4,0.8298887826181413) (49,53,0.7974004865401715) 
(63,58,0.7281329539507567) (41,75,0.7426131563239288) (8,42,0.8236676571998346) (56,69,0.7453199812643837) (88,64,0.6288251741405528) (10,88,0.700877460475024) (40,47,0.7226035154132358) (6,74,0.7358781289751296) (78,79,0.7901708529763541) (64,96,0.7002670607593039) (69,96,0.7478889782097085) (45,28,0.7737944322072376) (99,40,0.7629559601225688) (22,64,0.7353008706926633) (90,73,0.7487057954784248) (35,83,0.7516337449472559) (27,44,0.7605664429568829) (18,93,0.7909477917651974) (68,59,0.7216936649344808) (96,40,0.8177581534821586) 
(59,69,0.7206796931595434) (63,88,0.7270201990336901) (98,20,0.6937383599343756) (20,38,0.7617883920770923) (15,98,0.8189901266884319) (7,5,0.7273581396747613) (2,30,0.7831233670786191) (75,33,0.7202350595100407) (21,52,0.715255787855269) (48,61,0.7582888252088232) (46,61,0.7444516013594028) (46,47,0.7951274855767674) (32,88,0.7477753620716182) (32,89,0.7474685207813303) (29,85,0.6905342920425914) (14,41,0.7607407659769064) (17,6,0.7602064300039669) (70,56,0.8044207277248401) (37,14,0.7549093303017778) (72,8,0.7229029990555323) 
(79,97,0.7197736704508974) (92,97,0.7763750759020819) (34,18,0.8097711457466263) (32,35,0.8782255901776006) (31,38,0.7399329898981895) (55,40,0.7747593794569612) (14,1,0.7337384234847331) (32,79,0.8299027355550239) (13,15,0.7485450288788318) (74,43,0.7567501484572572) (95,60,0.7980075281641279) (48,58,0.7033233792090408) (31,90,0.7971893553616242) (44,20,0.784582583131684) (88,79,0.7255956965394113) (89,64,0.7530315082735421) (53,40,0.7034643030255541) (31,54,0.7506190926561817) (27,91,0.7681328594217225) (11,0,0.683355287026866) 
(63,48,0.7627395132752793) (1,45,0.6728926435551773) (54,20,0.7607975453749569) (83,38,0.7793764675217025) (37,29,0.7332567447692552) (0,2,0.7351604251519744) (24,60,0.7496555270280139) (65,50,0.8506829563456487) (56,93,0.7727814803268506) (35,76,0.8402535813931877) (11,82,0.7280527101934969) (90,68,0.6882791109015842) (25,52,0.7975920482549408) (41,6,0.7121223614027261) (94,22,0.6778007735982612) (5,10,0.7536960907052029) (20,21,0.7757324191798568) (89,78,0.7221839341209286) (12,83,0.7901817133712898) (39,83,0.7646027202542854) 
(66,20,0.7099797593308887) (38,72,0.7680257634311088) (15,82,0.8291459855463363) (29,2,0.7481797988576016) (34,20,0.7235567751875951) (16,38,0.7099242985615328) (97,17,0.6918128757268283) (54,52,0.6652416477462697) (22,53,0.759299325266478) (17,61,0.7049863810880109) (27,94,0.747860764551327) (80,29,0.7339950668196096) (69,44,0.7410132990495136) (26,18,0.7386192069481928) (69,78,0.7248822015716153) (5,86,0.7186685697336379) (75,12,0.6927232581307817) (54,39,0.7551122267659162) (93,16,0.7431382938642174) (78,40,0.6976245061315773) 
(94,36,0.8125996464918499) (19,26,0.717335517927212) (3,96,0.785619131093533) (84,22,0.7449669842773229) (52,57,0.7777052887739224) (56,89,0.7878402335562992) (39,85,0.797432173222329) (96,14,0.6454798326586192) (99,78,0.6858289404199033) (79,66,0.759789567223961) (98,95,0.6893719847994602) (85,68,0.7701928266223937) (8,30,0.760643027258341) (19,60,0.7527480414018775) (82,12,0.7756473284849044) (77,7,0.8273599084012306) (2,13,0.7320836772901576) (40,19,0.6672616555044911) (47,22,0.7644163988863627) (29,32,0.7460828752192805) 
(65,36,0.7164202336667181) (60,21,0.7527812444622032) (95,16,0.7288121091685763) (73,33,0.861872894934028) (98,85,0.7522954472579377) (24,98,0.6613365201441527) (10,68,0.8002825897570869) (33,72,0.724022235241549) (62,5,0.7626026737743651) (53,97,0.7614413760212031) (30,97,0.6101792439315179) (24,58,0.7618538689720921) (91,4,0.7898450758992783) (60,95,0.7228483949621247) (55,13,0.7797920476787351) (61,65,0.6766621426949815) (1,60,0.746396008084426) (67,46,0.7302241990618741) (94,79,0.7138479850354235) (79,14,0.7745996908589948) 
(77,56,0.6563787842669085) (24,39,0.7524223200627018) (4,1,0.8228180719391868) (76,8,0.7701748981732424) (81,21,0.7831612635502376) (49,71,0.7337249297745294) (23,6,0.6574466001962074) (97,89,0.807285996776046) (28,71,0.7748568354865255) (2,50,0.7341119705209683) (0,54,0.7860258377282916) (48,63,0.7335273997578677) (98,86,0.8026733748984394) (22,63,0.6962269995373231) (47,84,0.707042417206469) (82,57,0.7154755254015667) (96,50,0.7636336914515971) (9,58,0.8454583415390048) (72,58,0.7011102548656898) (87,70,0.6574123771318435) 
(90,61,0.7256649074172768) (61,10,0.781149718799486) (78,79,0.6830300282961256) (48,1,0.7674526993815293) (28,30,0.7798723870525696) (55,6,0.7406143412398929) (47,10,0.7051540378818568) (37,90,0.7504832887447892) (2,35,0.8097599264639056) (26,87,0.783113829703119) (4,8,0.7251339329545302) (14,69,0.691343347690578) (55,38,0.7441026519225018) (7,47,0.7298437500965247) (19,55,0.7995795909219751) (78,80,0.745891032711836) (90,26,0.6348753338788391) (55,71,0.7421148169070408) (45,79,0.7606325666045023) (23,46,0.7046083976364734) 
(20,41,0.7417359086319515) (16,32,0.7663766067114931) (48,18,0.7592554958987493) (97,98,0.7566326397794597) (83,3,0.7000889929979993) (31,81,0.8767509895627007) (90,36,0.6631864979635282) (65,93,0.7031858154213152) (12,11,0.7072013767186004) (27,39,0.745493427897917) (4,53,0.7083724988456439) (34,65,0.774134628713978) (14,65,0.7087151939237697) (24,85,0.7298210144066521) (4,72,0.7911142117202613) (86,10,0.7229991760794634) (24,0,0.7309103016806445) (82,46,0.6904583145595702) (50,38,0.7998997440577709) (90,49,0.7798864517080829) 
(20,1,0.7411032970077192) (80,4,0.7007090449381422) (12,73,0.7518600986573466) (91,28,0.7941313131220813) (24,32,0.7751918239872057) (67,57,0.8049751474085648) (42,48,0.7814076780157667) (81,11,0.7894996556797801) (71,54,0.6759816968084387) (77,98,0.7644901014407491) (77,71,0.782448524833805) (62,19,0.7427653834253175) (15,27,0.8066495342327769) (8,47,0.7249082888290123) (33,24,0.6993258906751887) (1,48,0.6894881235483288) (4,23,0.7562873480595451) (19,58,0.6938874711990639) (92,31,0.7907967261104716) (40,68,0.7109691715626918) 
(30,53,0.7542234996047212) (50,32,0.7485180083884483) (54,50,0.7840079001380541) (6,46,0.757096600250111) (31,83,0.7054364696207069) (27,88,0.7323272555570987) (64,32,0.7232201478687628) (42,30,0.7349858731872466) (28,91,0.7377947945378688) (65,73,0.7827924158848232) (69,40,0.7332795518220091) (65,34,0.642627709805575) (16,49,0.7390485327334273) (4,45,0.7134915714406732) (85,80,0.7118405395362868) (74,26,0.8035024161681588) (81,73,0.7235621228064709) (90,32,0.7765010835984848) (10,48,0.8183002528573852) (1,16,0.7001899874826203) 
(63,67,0.751789715525802) (32,47,0.7812388817534481) (10,39,0.735696785869428) (71,47,0.7098561089549487) (48,3,0.7802068224616738) (52,69,0.8482210583127192) (58,26,0.7099274809891073) (51,43,0.7442428279920122) (78,44,0.7552375137913679) (3,91,0.760889556365951) (79,54,0.7247458850553838) (46,43,0.7082386016666132) (41,46,0.6201383694798541) (26,21,0.7604139948072387) (47,59,0.6847412276466763) (60,66,0.6229854593241109) (38,16,0.6199728118551806) (54,87,0.7839256130328456) (31,78,0.7346370060948202) (41,32,0.7659369904112273) 
(30,9,0.7475990307613216) (78,17,0.7869211828209142) (79,16,0.7447074538063115) (80,94,0.735223048853193) (67,54,0.7397933909576001) (71,96,0.7622671978216019) (1,56,0.8693812926695602) (6,95,0.8552200668182532) (42,30,0.7110582625538606) (74,37,0.7515775747385023) (57,46,0.791742478003519) (10,17,0.6814647511253399) (68,70,0.7238851776519493) (88,54,0.7641388768001717) (59,66,0.7057419763213936) (45,90,0.6850394720417495) (41,9,0.8123008134385571) (90,91,0.6531023473576502) (73,57,0.8125780207102925) (54,32,0.7536283522344873) 
(79,94,0.7485306264425091) (0,27,0.7143700467021334) (4,48,0.8153441930021181) (53,46,0.7943129602712617) (94,88,0.829176752673315) (32,61,0.7036828467984779) (98,18,0.6816166324767814) (44,81,0.7372472839546442) (51,33,0.704286469669416) (70,38,0.7148861531436153) (93,35,0.7016826127090904) (51,16,0.7378594582420815) (80,16,0.7172194016591062) (94,49,0.7271203527826087) (16,2,0.8180570007236468) (45,92,0.7924294833905551) (46,83,0.8663525849976748) (4,62,0.8172357468413644) (74,49,0.7147020681322176) (75,19,0.7661443526184314) 
(54,56,0.7336164357014313) (24,49,0.7721908896193357) (95,19,0.7327510285839782) (55,48,0.6991899256934543) (27,32,0.6521616639111841) (78,55,0.8132343748930453) (29,3,0.7455553537956321) (56,97,0.7622178111538876) (60,20,0.7610977641863028) (28,99,0.7273602005115618) (70,26,0.6638799941412462) (21,12,0.8075571862836037) (32,68,0.8183098007928681) (1,86,0.7595376574272978) (46,20,0.7292398230655543) (5,20,0.7669025977096635) (48,93,0.7734934094589183) (72,19,0.7993855673443823) (87,59,0.8312687288242682) (97,78,0.8016500367398046) 
(30,53,0.5902371548550976) (78,63,0.779836083098197) (6,20,0.6653604047621381) (37,82,0.800428061464718) (57,14,0.7614916035063074) (5,22,0.7474100849418523) (94,85,0.730731535384909) (90,53,0.6569335150686658) (5,58,0.7347612297547725) (98,25,0.7275901083863662) (75,22,0.6764681949982383) (59,35,0.6717016432532379) (38,72,0.749795991387515) (50,20,0.7981992573927303) (72,44,0.7657228882500966) (42,6,0.7806230310334881) (96,73,0.6177428917120553) (94,44,0.7719897956222259) (19,37,0.7581852815137221) (87,17,0.6998004107578961) 
(74,49,0.7716968578806058) (70,41,0.7693290954690961) (22,97,0.760567023984004) (41,64,0.6915898648022091) (73,40,0.7672397523008994) (48,87,0.81733962093506) (81,47,0.7736269650338334) (71,11,0.7790226383530677) (84,93,0.8058522010735445) (95,54,0.8058351224545599) (16,51,0.7055832927916372) (37,61,0.7939518586213901) (75,5,0.7591387126347359) (47,70,0.7310536281347386) (52,53,0.6991562956457539) (12,17,0.6670512473363468) (79,58,0.7432553614203824) (85,31,0.6707457720505794) (1,63,0.6596769233133777) (97,30,0.7869433634706963) 
(30,65,0.7601084315456328) (66,95,0.6887247587045822) (36,72,0.6610198299474184) (88,17,0.7762047592200906) (56,51,0.6212689519602715) (80,39,0.7965637254016409) (73,26,0.7262545460622797) (20,70,0.7840716246062925) (92,19,0.7677521811088603) (51,58,0.7305671842557082) (71,30,0.7010707036928018) (10,61,0.6918295120138412) (51,24,0.6893674045208829) (96,63,0.7431774342120433) (63,4,0.6969368494834821) (32,63,0.6978626642792445) (52,18,0.7327034318841659) (4,86,0.7260647837623063) (31,91,0.7147017336032627) (64,36,0.7890758451963815) 
(31,47,0.7971722105894424) (12,40,0.742612012357016) (64,85,0.7815499043147904) (95,77,0.8352648496214846) (95,68,0.8014980468146976) (42,63,0.7609163817047897) (68,64,0.7697888873578116) (88,62,0.7850124755431988) (61,28,0.6928431857228602) (50,64,0.7878310385903388) (9,49,0.7363841216344795) (3,99,0.6925777060614193) (42,75,0.7355501170161133) (64,16,0.7123410121183816) (89,60,0.7315710925958628) (1,40,0.7826164742520789) (14,0,0.686305666195758) (61,52,0.7959979884693756) (80,25,0.6794566762064284) (68,69,0.656508262975863) 
(11,98,0.8160830211220286) (98,96,0.827642620468837) (74,41,0.7874515956786934) (12,83,0.6785811243722998) (62,98,0.682409328384949) (38,40,0.6821819774774173) (7,3,0.8175521767882201) (61,19,0.7598330323825747) (69,78,0.7857154740416858) (76,67,0.7571906840701588) (9,68,0.7219631217535444) (32,52,0.676442812743002) (15,64,0.759679795748062) (83,16,0.7613712471452914) (37,56,0.7614883662970643) (90,46,0.7118796513939933) (3,39,0.764248179958921) (29,38,0.81785807925443) (11,61,0.7652837035361344) (49,96,0.7579133622626254) 
(70,90,0.7635020770365869) (62,65,0.715636856415713) (49,14,0.7825608145651478) (21,77,0.7519234850802888) (76,3,0.7242941555683191) (10,96,0.7263121826262179) (61,41,0.7225162140456813) (8,45,0.7037588986557529) (33,28,0.6464067395024676) (32,34,0.7485152188064157) (6,94,0.6744361843134734) (72,50,0.7352729080830829) (35,82,0.8112667148231683) (38,91,0.756924638639582) (6,17,0.7131859372495396) (12,55,0.7533531383755516) (78,68,0.7321875144294939) (82,83,0.79901335279696) (84,22,0.8048307041515163) (32,50,0.6949993100940028) 
(93,72,0.6874788532039593) (38,36,0.6701422305042928) (78,58,0.7575802713936112) (48,56,0.6284269631266259) (63,32,0.7884259544282992) (66,9,0.6767716430134625) (41,2,0.8108881413473216) (81,59,0.7310295139516862) (96,0,0.6293592295503) (76,70,0.7775542176510047) (70,91,0.791921941843074) (43,85,0.7353143033330127) (78,97,0.7047673915842533) (76,27,0.7506660787526234) (8,67,0.7673099972710585) (15,70,0.7636405296882925) (96,93,0.7204209692707073) (84,95,0.7226020717054289) (29,27,0.6531094593200337) (45,66,0.8120867256316308) 