(98,81,0.8776384073476093) (125,49,0.8019583147268156) (50,85,0.8213494825699388) (65,75,0.9490745353942756) (28,128,0.9430825205448992) (51,67,0.936861401819179) (121,8,0.8430962769444396) (22,15,0.8547423071619101) (41,38,0.8482151319164593) (62,37,0.8480208494586866) (4,1,0.8905956493666899) (96,78,0.8789446042193679) (133,0,0.8050937687400896) (88,124,0.8631891039944731) (28,1,0.8290719471562348) (20,139,0.9467530465596525) (2,38,0.8905576126473672) (11,101,0.839605951637396) (45,118,0.7579717374771751) (15,57,0.9447419840615945) 
(42,126,0.8327827296515017) (32,135,0.8086175012892588) (56,82,0.7726659195098847) (89,34,0.8259662089156649) (44,13,0.8363341596690921) (120,1,0.9442924918781428) (41,66,0.7890076754408007) (1,98,0.7687706297590162) (8,3,0.9462449432761246) (114,86,0.7959779284859395) (138,1,0.8023893342030592) (9,47,0.8176168979151689) (61,57,0.89675911239282) (122,138,0.9326011688121941) (91,124,0.8094527087235115) (73,139,0.9158275291874614) (137,59,0.8986416780321036) (72,120,0.8044109281531837) (98,0,0.8478172527235806) (102,62,0.7989227108001741) 
(131,23,0.930285812083135) (54,133,0.7816908383433159) (45,67,0.9326201136657917) (138,69,0.8316828044254013) (1,80,0.9093472068056956) (12,37,0.7855862002611553) (17,67,0.7752765538553863) (41,96,0.9367821828131657) (82,93,0.7927735242574372) (83,76,0.9354261770835963) (113,96,0.9293026947954244) (58,45,0.9447520841431447) (94,119,0.8470075992904912) (84,51,0.8140938187350912) (20,99,0.8424342133314635) (46,127,0.797419979095954) (71,27,0.9462881188311014) (62,104,0.9208487247400754) (100,26,0.8424388791270385) (22,87,0.9459564419450689) 
(77,0,0.7500453180215831) (14,8,0.9322863050548498) (95,74,0.7632265556231281) (9,27,0.9140848028391053) (113,115,0.8653361014640057) (55,15,0.9332832039689958) (16,12,0.8821288410230168) (7,19,0.8838252423622465) (106,101,0.9071588098138137) (89,93,0.7937250766979956) (56,73,0.81691499535209) (54,15,0.818994373203894) (67,49,0.8003032774443429) (14,107,0.8832410579288313) (33,4,0.8552507607325947) (62,3,0.766881328727896) (51,118,0.8048072723383962) (64,39,0.8845415371566079) (8,134,0.7774859147961194) (134,15,0.9389679715484454) 
(125,136,0.8445390872807549) (69,27,0.8152904852285144) (107,20,0.7582299264716026) (120,133,0.8710999976766995) (129,13,0.7609014541764123) (92,87,0.9385086439962005) (6,22,0.9244551393740466) (115,136,0.788825814442333) (12,111,0.8894053269834918) (85,124,0.8765656612063664) (87,67,0.8938542041091095) (126,101,0.8012337824927668) (137,122,0.7939174774245854) (76,14,0.7531338914939849) (119,97,0.8959579807699851) (81,83,0.7692511178697811) (61,108,0.9451108165309172) (104,57,0.7984406358924709) (96,128,0.7563121768214879) (28,88,0.7970496928240535) 
(97,45,0.8993446814754089) (28,98,0.8865606069438199) (40,74,0.9432637075531328) (117,109,0.7952201250651806) (128,23,0.9119530688770168) (116,30,0.8908397446857099) (137,102,0.8120988516398103) (67,83,0.7749122756003214) (124,34,0.8055365467955821) (73,133,0.9049993610813762) (114,115,0.9493357515918659) (5,116,0.843243651252062) (59,76,0.7799834448327495) (135,10,0.8604056052842198) (136,93,0.8958666081731297) (64,55,0.7715314907268346) (100,95,0.8225008240369558) (127,93,0.9175269082326626) (17,40,0.9277475953024277) (22,85,0.876808600450306) 
(65,3,0.7894481193499413) (94,68,0.9476631525715112) (37,52,0.8780822500817482) (59,114,0.8990729696234061) (88,137,0.8901086997981499) (92,15,0.7565016050479952) (64,45,0.802398318036795) (57,119,0.7800674413174415) (125,101,0.8186234536755601) (72,45,0.8209513731092793) (64,30,0.9384894624431168) (9,103,0.8684488232652027) (39,78,0.844307559075525) (45,74,0.7679558919210161) (97,99,0.7714491257679127) (63,21,0.7819299412205172) (23,139,0.8979902738222763) (123,0,0.8811483015624806) (63,36,0.7919263126786877) (52,57,0.938447186588377) 
(4,29,0.9094539175993932) (21,23,0.7769081877969766) (43,116,0.8719977313604126) (66,18,0.7873714960116999) (99,42,0.7825210519411656) (58,88,0.9081281994531568) (31,110,0.8607240621100881) (125,87,0.8097278465739804) (133,101,0.8911071730385529) (46,67,0.8142356189974973) (27,122,0.860398550432472) (133,94,0.8576256903383996) (103,0,0.803875848216067) (67,100,0.7770885924485965) (77,14,0.9483159302395171) (42,38,0.8048444782496564) (134,74,0.8858381534709965) (82,90,0.7985821543351147) (80,41,0.7993430640867516) (33,61,0.8874169813102845) 
(7,48,0.8118128305902786) (2,50,0.9447333470750161) (56,45,0.854069336681557) (35,6,0.9303302745390971) (95,118,0.7822228325837344) (38,70,0.8748350832780415) (119,101,0.8147021827215508) (68,15,0.9407084925156545) (82,61,0.81895055532508) (130,77,0.7899064014229753) (35,76,0.7586918517626315) (67,25,0.8940472810075818) (7,126,0.8041549475115513) (97,51,0.8195625778885105) (69,134,0.9319921741882886) (14,45,0.8288985430571711) (49,47,0.9379876308639958) (28,97,0.9147264975556002) (20,115,0.7604803215203393) (130,81,0.9374770512678041) 
(81,18,0.9077027195314037) (93,92,0.9360480909290116) (137,82,0.8884568964938578) (43,31,0.836751470386828) (80,32,0.7780048343983397) (24,74,0.8517624452372823) (89,78,0.8042350534597357) (120,51,0.9122690460617545) (70,102,0.907584063313365) (117,35,0.7884987080557297) (14,78,0.7876703401769233) (82,31,0.8463105482474251) (109,70,0.7822386794707816) (139,72,0.8900591296814704) (93,105,0.8331368208967975) (93,47,0.7869230450158073) (7,39,0.8852044476568187) (125,113,0.9038338709691401) (93,123,0.764672690066234) (117,86,0.8545715617423988) 
(115,34,0.799279744829698) (110,63,0.7966965849977437) (109,61,0.7595476161604994) (114,76,0.9414245777120851) (25,23,0.8007870726054334) (19,30,0.877050729919757) (113,35,0.876873463466547) (81,139,0.7680903726464399) (17,0,0.9150908435137769) (52,134,0.7936390825922797) (53,89,0.8998134144110933) (92,89,0.9043591149223996) (32,70,0.8921111472907463) (136,33,0.7540609540200386) (64,8,0.9091073039241752) (139,17,0.9417534623639117) (85,115,0.8932899055142154) (54,75,0.9287227845700212) (81,41,0.8410905910464151) (83,21,0.8747751346969795) 
(134,62,0.8005305183402772) (81,89,0.9174200030820219) (103,53,0.9268113705928822) (56,63,0.7786371328284333) (90,67,0.8966545918546482) (81,45,0.9199287754622127) (55,18,0.7635914350029288) (35,109,0.7980260906687091) (11,26,0.7824452169625323) (91,115,0.7775960586790119) (88,116,0.8577803845004196) (44,64,0.8747506999817383) (98,41,0.843031550799833) (5,101,0.8102070636001881) (121,132,0.8176548763342468) (37,139,0.8870509541056478) (96,86,0.9113905694010039) (136,129,0.7739616309013753) (11,85,0.8091161975320859) (90,134,0.8366310903414644) 
(52,4,0.9081564609330264) (43,133,0.9205305004928408) (77,52,0.762410102740311) (121,82,0.8062137743211645) (40,114,0.8350203045449005) (72,32,0.7528052418742187) (25,14,0.7560150937461324) (127,69,0.7608467419381362) (108,26,0.7887640339614361) (60,134,0.8606398264649066) (21,23,0.8974567385964425) (65,108,0.8473385188859456) (60,14,0.8265696683223478) (107,130,0.8359787189469479) (85,93,0.925858622295464) (41,138,0.9048922069739763) (85,64,0.9313232983711701) (20,51,0.9401090192313517) (74,34,0.9143076722053097) (91,71,0.7993987390367655) 
(5,109,0.8743941603803028) (39,53,0.8961486147525374) (26,54,0.8081006009331835) (120,43,0.936075210529729) (102,130,0.8755688179616441) (115,139,0.7606825722556416) (124,5,0.9109502299679467) (97,51,0.8792303385497191) (126,59,0.9339332513900362) (82,8,0.8170354193727215) (114,121,0.8902593874861301) (41,123,0.9062005617380329) (68,85,0.8473197897927832) (135,88,0.8316090819820996) (92,55,0.8978038238847138) (41,92,0.8676722908075479) (26,105,0.8483137026247456) (54,95,0.9173843432160439) (3,19,0.7824792574227102) (14,39,0.8804282078317116) 
(25,27,0.9243075602864824) (106,43,0.7718163363392225) (9,19,0.8465473671298916) (24,118,0.8303766076242277) (63,59,0.8352678685410097) (121,26,0.8084206782053267) (67,69,0.7905862162073183) (53,14,0.7872431490260356) (35,117,0.8275923289268966) (77,136,0.9079663410252897) (18,98,0.8635736702420783) (31,132,0.7848793911909347) (7,125,0.7892040649183729) (80,82,0.8296646838986659) (107,75,0.9338722588792864) (69,55,0.9071805157722561) (42,84,0.9324099461109454) (121,96,0.7765432625955454) (25,119,0.8246381941359926) (129,34,0.8133250832874787) 
(91,0,0.8449108075452286) (52,32,0.9257595592344369) (0,42,0.820170443675013) (84,77,0.804227196877357) (26,97,0.8702615891972001) (76,40,0.9196729180044251) (99,9,0.7943170312503296) (89,47,0.8921773733282772) (127,66,0.7996118964973893) (101,128,0.8095415489587252) (96,54,0.8939569352382636) (122,132,0.7570656392436023) (75,47,0.75221092705883) (4,63,0.8484016820381813) (44,87,0.8553770177735214) (7,52,0.8847313151025962) (26,28,0.7858586185489198) (135,83,0.9245648046377644) (8,60,0.8423873188575568) (123,28,0.9072385044725315) 
(27,47,0.9371186958243611) (116,100,0.9236160629231934) (23,106,0.8394459661155945) (8,91,0.8637247832776258) (113,11,0.9362601469121062) (21,132,0.8828037773200293) (69,72,0.8118492561896488) (98,22,0.7778883759287937) (129,58,0.8024376603845915) (46,14,0.9230262546975141) (79,32,0.8180291864741174) (54,4,0.8668040933350005) (120,11,0.8938941627040927) (107,97,0.8166050676948375) (91,103,0.8546541286873515) (69,105,0.8775948371350942) (59,73,0.8521211432906096) (60,95,0.8172946802103824) (19,43,0.8170331665447629) (22,30,0.8968893001696459) 
(82,28,0.9091568148916922) (77,110,0.8693085527822245) (26,21,0.8789769937987978) (2,33,0.910385507914361) (86,32,0.8088312603535637) (92,112,0.8325610840531453) (114,93,0.8594264641900313) (54,34,0.8636384055748482) (17,51,0.8934115295608835) (35,96,0.8795034397899307) (23,5,0.9175250069352201) (139,16,0.8092668379181285) (129,35,0.939433382010223) (54,21,0.8604160496492579) (49,128,0.7984581310046234) (95,122,0.882672971476214) (90,82,0.8665859332033425) (22,34,0.7774614426215101) (39,61,0.9150790528974732) (23,31,0.790169759967797) 
(62,90,0.8560688633249873) (86,9,0.8206904456810944) (47,134,0.9403446850841028) (23,121,0.8893071476210554) (128,53,0.9394022139500675) (95,11,0.8383902209041325) (32,73,0.8045023959141837) (39,55,0.7834160135597791) (102,93,0.8292785017160831) (120,12,0.7730339424554421) (53,133,0.9380439071312976) (90,53,0.9494482523005235) (115,13,0.7731138595623611) (11,50,0.9011015265430855) (35,39,0.7509894127910121) (2,47,0.8520267364295389) (51,75,0.8191195631643677) (127,12,0.7566314421427965) (86,90,0.7895091602560742) (120,97,0.8537048934012346) 
(14,24,0.8142845534349994) (18,28,0.8844812097008139) (104,58,0.7617860452021601) (126,89,0.8159581601440811) (118,17,0.7610326814380844) (34,16,0.8538651007335747) (29,37,0.7620920353707026) (97,129,0.7665668852056332) (51,11,0.8656409237449032) (56,103,0.8867142978199476) (11,56,0.9139207744674582) (55,95,0.790915392457151) (73,15,0.8010742581837276) (51,13,0.8494697623467358) (91,50,0.8284223064101759) (75,13,0.8953496360738632) (72,70,0.7879340303103987) (124,9,0.8211738964856868) (78,6,0.8929033542964784) (64,8,0.823509026684236) 
(62,65,0.8368098276845785) (77,58,0.7613188382526869) (68,103,0.7621970592577902) (113,71,0.8959525596838231) (82,6,0.8060550990910517) (128,72,0.7608845846061992) (127,49,0.8850938226396887) (50,77,0.8742560848082296) (31,61,0.7941993807855279) (19,46,0.9229981557782589) (76,88,0.7761631895852804) (18,13,0.7814589331201873) (68,138,0.8954541941143195) (7,73,0.8387158808024591) (104,68,0.8278989455238448) (76,116,0.8368697136794542) (27,104,0.8874163476320662) (39,132,0.9450469242853815) (69,40,0.8764202884448251) (81,95,0.836958284796569) 
(82,126,0.7604162329194802) (63,124,0.9007310643642241) (92,95,0.7763894835276095) (6,63,0.7676377038335667) (136,79,0.7695052610669042) (57,105,0.8850784405172095) (73,70,0.8167041286111553) (75,105,0.9421454353427698) (105,61,0.7508644547291465) (107,106,0.7614817341408976) (10,77,0.8395175379972212) (43,112,0.8307579902785615) (23,49,0.8893043400947865) (64,39,0.8870577696736577) (103,121,0.7817369429268561) (136,72,0.8957750296020319) (20,87,0.7985585106442574) (73,30,0.7875911692287283) (78,26,0.7638150621597678) (24,58,0.8535474435055451) 
(14,27,0.8026515628909505) (42,113,0.9154249079266853) (38,102,0.9435509707451197) (85,54,0.9142112775513207) (60,136,0.903420259939841) (0,3,0.7899903724340069) (81,139,0.8816369938005182) (46,9,0.8229473446664964) (76,111,0.9326343768503226) (105,40,0.863042615299475) (101,45,0.8779128837678197) (5,27,0.9044077481336659) (130,56,0.7736845451087138) (41,127,0.8717088652700968) (112,67,0.7924064017998669) (87,60,0.8809469868478387) (27,87,0.7694936733033875) (90,65,0.9057884366618985) (42,4,0.937428575568252) (36,105,0.7617225077141969) 
(137,0,0.834266896677925) (42,36,0.9271167591931522) (28,113,0.8756093453622604) (78,55,0.9157559582484606) (96,56,0.871727021968918) (137,114,0.8899177452148732) (102,69,0.757712449611574) (47,15,0.7660469468112892) (113,61,0.8718051650011229) (44,5,0.925418210870151) (84,35,0.8307264110412834) (100,122,0.8155457685101506) (50,56,0.837868571848261) (127,93,0.9351663701306939) (1,128,0.7965862607302441) (26,31,0.7928628742157757) (100,99,0.7572487374183187) (41,99,0.8763859759019301) (53,10,0.9070900619136455) (33,3,0.8617912549032412) 
(33,52,0.8526857532468554) (10,81,0.7712524979389908) (9,70,0.7875699947624453) (95,116,0.7726311953267638) (129,55,0.89412793530202) (75,126,0.9367883593773729) (43,57,0.847655491164615) (112,35,0.8310585728962315) (83,1,0.7778863009089334) (40,120,0.7835945318055103) (14,136,0.9392163756232674) (49,90,0.7644669756196327) (48,15,0.8345867331804824) (69,136,0.8273073641757799) (88,120,0.9045033431324573) (86,121,0.9378825552073662) (19,113,0.7683795461762416) (17,2,0.8156365566796654) (80,127,0.9054347452767896) (24,111,0.8227477303870696) 
(92,82,0.8999657462148062) (44,46,0.7500500041411658) (68,96,0.9138369469531468) (14,28,0.9163536784248433) (100,72,0.9106351067246446) (116,45,0.7705274714492178) (26,8,0.7668129201467307) (139,83,0.8822823950907677) (78,132,0.7981559739695963) (118,50,0.7737177490710921) (25,23,0.8343424716513529) (93,66,0.7507470440928637) (134,137,0.941455226907961) (120,112,0.8928947127465965) (26,63,0.7627604019984059) (5,116,0.7662959000027114) (128,28,0.8535278143704378) (66,22,0.926356147407969) (12,66,0.9225950126758465) (48,32,0.9451425433067733) 
(83,14,0.9114199536750738) (22,66,0.9111223684481033) (5,32,0.7716828621788879) (130,16,0.8535029845427885) (15,41,0.8523870657730827) (139,27,0.7589778162118173) (90,76,0.9016048360180926) (128,33,0.7659215915998667) (27,132,0.9403308016334601) (93,127,0.8815070701929575) (40,130,0.842837923577042) (112,11,0.8120874958052517) (48,88,0.8675203793553795) (34,100,0.7684376865817576) (15,96,0.8878299598087687) (33,40,0.845712959436993) (38,34,0.8827195304381715) (24,50,0.802541542975646) (122,69,0.8406484522255276) (69,2,0.906808749144667) 
(72,69,0.9427901330226303) (22,88,0.8310346868578713) (121,17,0.856721160802608) (129,5,0.8236612675184727) (81,126,0.7596904327821143) (129,115,0.8588487807310291) (124,1,0.8024543384649265) (139,20,0.8276551642853089) (73,131,0.9315754444330966) (10,95,0.7593644895858804) (87,119,0.9139314504886944) (36,41,0.878725836624741) (98,76,0.8494969053975485) (50,44,0.8471118479811756) (97,90,0.7757354991601615) (118,62,0.839774684686785) (42,60,0.8944917764377344) (114,29,0.7607295054110917) (95,116,0.7793230702909031) (109,24,0.8908646355212085) 
(86,102,0.7785867114824468) (61,86,0.785361286721578) (43,98,0.8120080969982756) (92,126,0.7694772726778628) (125,122,0.881501354652418) (37,67,0.7949335413825089) (13,96,0.8015394135223292) (46,40,0.9305095167856363) (97,99,0.9113397445515368) (111,39,0.8363249459339794) (73,117,0.8895901501664991) (43,138,0.9378111742815916) (23,31,0.7770658836225717) (88,71,0.9085300185779623) (8,114,0.911391901675588) (115,92,0.8524097796106577) (38,60,0.7881759716180318) (58,1,0.8190418540739628) (49,29,0.9207292115362568) (25,87,0.7508297675652388) 
(57,68,0.780373532002973) (118,56,0.8154382427856923) (36,88,0.8483413832961234) (121,36,0.7775660812134159) (107,92,0.7699963644755521) (88,75,0.8955343956636688) (17,79,0.7838839943097529) (138,99,0.8340823210329538) (33,128,0.8599276447111945) (130,28,0.8992583900164917) (28,89,0.9303344347317186) (15,3,0.8151474732550914) (35,10,0.7759627204491072) (51,48,0.9470519857530002) (90,111,0.7856795925026812) (135,91,0.7746501133099626) (69,4,0.7801719496042161) (137,52,0.7831382672797088) (72,7,0.8700961801918359) (127,59,0.8057570044242086) 
(87,99,0.9095839567877173) (101,92,0.7853432349918843) (23,49,0.8727713665338714) (63,73,0.8791683934357231) (84,27,0.7805186074362382) (87,7,0.8041246467757612) (41,48,0.760553785262763) (111,75,0.8582881121555751) (20,22,0.8112275093040072) (103,129,0.7603694349496594) (16,35,0.7511509218766322) (57,37,0.8910110543110432) (102,65,0.8682100005996675) (82,28,0.8472316304179365) (54,27,0.899633106995904) (102,96,0.939347049810795) (4,55,0.8572558927200469) (47,14,0.811206074663261) (139,0,0.8461304666684539) (129,32,0.9199429896972916) 
(48,81,0.8669986867627196) (120,93,0.7581419828938001) (21,87,0.9259476532724197) (137,26,0.8211188148498062) (95,67,0.8829287393092076) (94,73,0.9152602964913368) (46,38,0.883414636003484) (99,98,0.8361985549231045) (73,120,0.8429452575113019) (128,41,0.9330393043527665) (92,110,0.797366244200681) (33,51,0.8157770805486816) (92,27,0.8928527772950967) (7,134,0.9004333690505519) (119,122,0.9203689466745484) (114,115,0.7877728556509525) (6,96,0.850265673608529) (103,62,0.8343598770992012) (70,35,0.8688293157575426) (63,135,0.8461234719678683) 
(113,14,0.7545176338587202) (35,96,0.795820618192119) (14,122,0.8728827468632656) (79,99,0.9368882592512564) (111,10,0.8176617448705621) (47,29,0.7937183756160388) (41,87,0.889721482782095) (75,64,0.9438393045370608) (66,31,0.7923271236859308) (64,46,0.8457882638374811) (109,58,0.8297818965383966) (111,119,0.8406886290793452) (126,15,0.8448014226226078) (131,112,0.8012105905211306) (19,21,0.9068213900438226) (74,20,0.891041270343963) (61,119,0.776749813920062) (22,101,0.7733293889565065) (65,42,0.7846775733781806) (120,58,0.8767972520447207) 
(52,17,0.932611044016111) (33,108,0.8962772847859519) (98,51,0.8390807683389763) (0,72,0.8673642937408452) (94,106,0.7777363185381451) (105,40,0.9193850619886759) (119,17,0.8276542179895272) (115,56,0.8083575364266464) (6,38,0.9359732580297494) (44,86,0.8020696980862183) (40,104,0.8500814900352831) (82,116,0.7830418157004608) (13,4,0.8035993552882862) (65,61,0.7682619628645841) (95,108,0.759543225015859) (47,132,0.7695001243297983) (127,119,0.9330004671574832) (105,9,0.8158976733195783) (50,118,0.8558494321162966) (100,54,0.9102733226340561) 
(85,27,0.8695271279644148) (81,25,0.8767532948343926) (123,33,0.8203067305522618) (34,21,0.8468982390834816) (30,98,0.8675974649230273) (83,14,0.9064823369597966) (40,69,0.8931627186297896) (33,131,0.84676427793834) (42,95,0.9270879314698413) (77,18,0.9069856135405026) (128,117,0.8940953665927895) (24,10,0.9491574501008216) (83,112,0.9030380934986793) (79,127,0.7866218963748559) (20,85,0.7582495302259596) (31,16,0.7503728855379068) (82,39,0.7828182657498295) (119,3,0.8588058132324006) (93,117,0.7934010942434924) (35,31,0.8627886769392492) 
(112,127,0.7757645034651918) (93,59,0.8438442866183974) (60,132,0.8760320291310594) (85,47,0.7794067009196369) (78,64,0.8302127827275755) (89,122,0.8503760516667367) (27,64,0.8851367213053969) (37,100,0.9124391749093874) (57,43,0.8958002139983674) (118,13,0.9440637188659208) (33,138,0.8437768223559595) (117,93,0.8114261897386641) (14,93,0.8859104690463951) (114,77,0.8670777618743482) (88,100,0.9359454037467422) (42,112,0.9087626836725647) (133,63,0.8246769491424333) (37,90,0.9138185740147334) (18,66,0.9466097383685359) (68,115,0.841248130046184) 
(121,75,0.8235856218773077) (64,122,0.9472634630539725) (90,57,0.7839451466478901) (97,54,0.886548543557594) (71,70,0.821105651617211) (75,42,0.8195253635082184) (138,55,0.8959339095812756) (117,45,0.8000382710803788) (6,11,0.9261730924763638) (51,17,0.921515784713072) (128,6,0.7997580682377616) (41,133,0.7531667642420968) (28,100,0.7885554611586376) (89,111,0.9378056166586319) (89,133,0.7806908231904681) (128,56,0.7545670398099236) (87,128,0.8255497572912812) (34,38,0.7844435880187618) (92,30,0.8186693912480041) (90,42,0.8807840979710058) 
(97,107,0.8231147176890303) (108,0,0.7725180473599933) (89,7,0.7574556598033914) (6,66,0.8743987177408256) (44,81,0.8196826596223459) (71,17,0.7973158304607666) (66,86,0.9075942773652728) (66,92,0.9045309851252857) (37,89,0.755775004431647) (39,54,0.9263033717613437) (29,118,0.853128558939147) (84,6,0.796552497134077) (71,4,0.8678087172389672) (55,138,0.7978322188991497) (27,74,0.8247954308068738) (139,121,0.840790845666496) (138,82,0.7506875938071059) (118,38,0.7610901977024981) (79,27,0.847236196544972) (47,39,0.9170329042406051) 
(87,59,0.7703521019830559) (96,77,0.7981487600999387) (131,10,0.7655905019688284) (123,84,0.8543498666290372) (69,33,0.9289423555588441) (76,101,0.9094624298523069) (21,122,0.8224855196933311) (50,5,0.8089684703379273) (120,75,0.925215454475142) (10,117,0.9349490095943686) (7,76,0.9236660100351133) (21,98,0.9169031078246531) (96,32,0.77752287940337) (79,41,0.8289995625622383) (130,129,0.885892804856225) (25,110,0.7614110017882529) (79,119,0.8761513944800101) (133,80,0.7951660806346104) (20,55,0.7719247122855646) (27,102,0.92578169512727) 
(131,123,0.8125842568466737) (8,13,0.7698538506651655) (44,70,0.8658967666967691) (82,120,0.864641551172887) (35,44,0.8675357151117757) (50,87,0.795175251698879) (139,12,0.8620673839712097) (69,41,0.8960779350398115) (25,89,0.9145057852613108) (136,60,0.8248980128018482) (4,77,0.8217672179794006) (44,14,0.8278989960599124) (24,127,0.8257180424781458) (69,121,0.8570437586738244) (91,110,0.7678557863906517) (35,112,0.8944158166910399) (80,29,0.8127610428370264) (119,92,0.8538674590346845) (93,91,0.8340431426520698) (93,102,0.771648133252837) 
(82,71,0.8817769877459255) (35,45,0.9141706417119201) (36,58,0.8360446907170775) (135,122,0.7800665606923468) (106,10,0.7565657175020395) (44,99,0.8841360313606765) (35,0,0.8128686978467226) (122,6,0.870587374915041) (25,114,0.9167737404377239) (119,93,0.91883631551845) (30,22,0.8706918522600144) (18,44,0.9093620636066923) (132,58,0.8021224879673561) (17,88,0.7789920301947892) (2,39,0.9295212482580126) (104,27,0.8797446473337192) (11,0,0.8599179231459719) (12,111,0.8455720488654578) (90,62,0.898296658853121) (100,46,0.9293745061485996) 
(28,109,0.9394317518377651) (107,99,0.8623159972126004) (67,93,0.7694455436000508) (37,66,0.8904257668667839) (112,59,0.8087988156465089) (51,128,0.9362698513692735) (72,121,0.8776510011935661) (132,11,0.7539642503827576) (22,122,0.860263429575432) (71,82,0.7733938185916415) (124,112,0.7866397355148629) (102,135,0.8838301139417595) (92,6,0.9275322430629863) (64,40,0.8755834102556485) (45,91,0.9373079062906082) (133,11,0.9267083556324188) (63,136,0.7708276601009734) (81,19,0.8903786341644737) (103,58,0.9448267332758302) (26,19,0.8667604461174055) 
(136,130,0.8649497792991014) (49,121,0.9035117782710742) (123,90,0.8222474136197859) (4,61,0.9322255157607067) (71,38,0.9448812555234306) (137,97,0.7651871589409367) (53,63,0.8310671255076381) (46,54,0.7627823947311014) (7,115,0.7835874871888018) (124,75,0.8629457638527391) (97,15,0.8364836941319966) (39,37,0.8074305596459905) (77,26,0.8902054801577918) (14,111,0.9017605647739463) (35,129,0.7816929555804953) (127,39,0.8618585701773805) (89,129,0.7689607914111444) (41,35,0.7860246364283002) (135,133,0.9006488644027661) (3,117,0.8114601622762218) 
(11,32,0.8867546420184447) (121,58,0.8044191012595071) (35,115,0.9441551835397406) (26,40,0.8612361043085733) (1,39,0.9283684428797981) (125,94,0.8638406037283098) (11,16,0.8441626511773768) (95,22,0.8786605722278894) (60,64,0.7717255462394147) (82,110,0.7865780074679803) (93,65,0.8946689546935048) (62,10,0.8357284780119442) (26,103,0.7862151914187527) (73,58,0.9483452226168569) (120,136,0.8617163385432379) (135,94,0.8286532544946581) (108,34,0.804193462885039) (133,125,0.7961262905504921) (132,79,0.851594784759452) (137,101,0.7941427436136679) 
(43,90,0.8300914200554865) (27,19,0.8635085423369069) (5,24,0.9166349204884672) (132,105,0.94333847644344) (109,86,0.8855846487563059) (14,44,0.8388791879626393) (136,35,0.7758551068972566) (14,94,0.8306164131194574) (130,15,0.7618898578937221) (13,59,0.9331999995159966) (53,67,0.8883953253500744) (86,44,0.7826888187072734) (79,40,0.8743975454063192) (93,33,0.7682742040176919) (114,45,0.7992418425808021) (124,107,0.7893848453624929) (85,96,0.8365080837270404) (60,91,0.77444436514018) (50,68,0.9237960110374092) (102,122,0.8868062524718674) 
(105,82,0.920066573911793) (60,65,0.77313274874039) (23,88,0.754844624999467) (47,8,0.8578881099753931) (89,94,0.8831449313881866) (108,139,0.8158026997619445) (15,123,0.853391159659673) (106,64,0.9122016083301614) (45,39,0.8295039555098261) (101,127,0.7946015326848704) (36,21,0.7502895846071447) (105,131,0.9099899069186346) (124,70,0.9313026490085896) (81,84,0.7608834003035443) (6,27,0.8895624810933468) (118,113,0.7848987389368415) (55,77,0.8078032258897252) (29,101,0.8976431889452635) (129,86,0.9323593893849216) (49,124,0.899967467291099) 
(126,137,0.8258516750769591) (63,33,0.8103316894998308) (71,35,0.7998819919200446) (120,76,0.9314778774037111) (36,79,0.92423380065331) (27,36,0.8265655648373689) (90,106,0.914145194300068) (34,38,0.794495145925729) (59,28,0.8303413117814225) (91,30,0.8999523707557525) (110,29,0.8693508429733435) (33,123,0.919337583788526) (29,36,0.9175086427921498) (116,94,0.9267834376676848) (107,104,0.7907146665093637) (133,67,0.7570043945873046) (113,96,0.8326226120112691) (121,135,0.7635403533250058) (59,19,0.7953291023924034) (39,64,0.9089959792021909) 
(97,127,0.7586579927767212) (120,65,0.7673643590971398) (29,112,0.9246371718021422) (37,38,0.776296333774101) (113,82,0.904341993048003) (48,41,0.8589572265535417) (78,40,0.9302742499797558) (121,123,0.8279246052792799) (99,123,0.8710137424682745) (69,2,0.8203148326454006) (118,39,0.840401834023474) (61,103,0.8421536133716322) (119,78,0.7776242065180734) (40,3,0.8151070154133211) (49,139,0.8327513542276767) (108,134,0.7694320398546887) (94,48,0.7977422607828355) (73,59,0.7605181753181925) (44,49,0.9191150886991589) (125,90,0.9489049353777081) 
(23,21,0.7925111085764003) (58,86,0.7870383874352109) (84,114,0.9352652302381632) (0,74,0.8772237386706061) (36,95,0.8274284211983111) (129,4,0.9368607629344943) (0,116,0.7695933496194436) (85,124,0.8758731163829007) (63,70,0.7657100891830966) (120,125,0.8266604562012193) (36,38,0.8137698434311422) (68,46,0.804610004437175) (13,131,0.765739511419435) (71,28,0.8928082069636172) (101,64,0.8082828338816219) (27,48,0.9457657131290129) (123,65,0.7895060320284178) (32,137,0.9280628564245721) (130,49,0.8868221618177005) (113,22,0.7714935767859784) 
(85,6,0.769462629283678) (52,22,0.9245206994944646) (16,135,0.9207091479616504) (130,47,0.8300819640759829) (126,116,0.9315558917981519) (61,111,0.8137612619792046) (69,112,0.9340959866439967) (27,90,0.8883789845925116) (90,121,0.9251938958717723) (34,56,0.8048379972610377) (60,28,0.9044719764096876) (115,104,0.8770386098186684) (98,22,0.922974340616921) (131,76,0.8695379195527339) (3,136,0.8169641783599304) (118,40,0.8747225401140741) (29,7,0.8215410151255529) (34,91,0.8836955522334677) (93,24,0.9144871087545962) (89,60,0.8662815848922437) 
(14,130,0.8763102175475882) (18,109,0.7539961779379385) (139,92,0.8150999155314548) (103,18,0.922630478497024) (3,83,0.8918472975989502) (79,117,0.8610141632813795) (53,96,0.7755716512646056) (93,131,0.9349109852667049) (12,86,0.9337066016192734) (69,117,0.9162457518952636) (35,121,0.8885139795029557) (108,100,0.767925588312992) (135,106,0.8426505305209827) (93,128,0.7796626548969413) (121,63,0.9008259274836801) (100,103,0.8073633035089579) (73,138,0.7620299808852667) (101,98,0.9383241977225136) (51,135,0.916322736913677) (7,74,0.8833520700693809) 
(0,89,0.7843030064917026) (21,87,0.8047844546811558) (48,75,0.7872980083641401) (105,10,0.7874699542661827) (18,78,0.891735322691145) (24,13,0.8996738291707058) (121,75,0.817945885855689) (18,1,0.8585291635464459) (126,21,0.7860350453216367) (93,61,0.9143732253142268) (10,136,0.7965784887113332) (41,12,0.8195759667342378) (71,83,0.8541249320802662) (52,113,0.7627774756288636) (13,133,0.7972492409246497) (138,77,0.7700942932532172) (74,124,0.9245553808614738) (56,100,0.8404386310369507) (29,98,0.7765988241256017) (138,75,0.9031033589984694) 
(94,24,0.8898795772869581) (3,54,0.8608605468677257) (64,3,0.7941454768624262) (39,87,0.8637582282341569) (133,54,0.8247937884848343) (23,124,0.8618595029806854) (139,42,0.8835267661516497) (16,40,0.8868401797318689) (65,76,0.7678081733395685) (28,61,0.8167916020285722) (78,22,0.8032894643249837) (62,17,0.8755581619413362) (38,69,0.7669472836330979) (29,21,0.8852964983831318) (42,78,0.8818813923285568) (63,50,0.865055987690133) (58,1,0.9395753150716213) (104,7,0.8291213909905331) (21,128,0.9213275601708923) (49,124,0.7805395118864146) 
(51,78,0.7855318173651217) (49,10,0.9218497493212664) (124,134,0.7851038452714932) (86,38,0.7569525848866563) (14,134,0.7513784530306327) (121,123,0.8407173563022368) (49,82,0.7980635889122818) (64,30,0.8469473287115514) (14,81,0.852216705882518) (39,113,0.9096423674529379) (11,95,0.8047609685714722) (105,117,0.7524271057678779) (70,89,0.77444815293782) (132,76,0.9359015970972753) (79,45,0.7596121282989684) (137,49,0.7584870705441478) (65,4,0.8999709341423067) (62,1,0.9289957877165277) (105,59,0.8733176940794672) (14,49,0.8675341370744319) 
(111,12,0.9417730074264447) (4,35,0.8928846993415372) (65,7,0.7838281549669874) (90,95,0.8685641097555258) (115,79,0.9327991944696099) (139,3,0.78238966848204) (50,116,0.8534432001321914) (131,12,0.7995782742891322) (71,2,0.8554178034726416) (11,6,0.8106813152671811) (125,112,0.8596513174209692) (117,111,0.75959154482306) (0,113,0.8799218247712253) (75,9,0.7791876911981729) (75,115,0.8080574810780015) (91,62,0.8711424055448439) (1,68,0.7910651091846067) (59,129,0.8587933387736063) (15,108,0.8561155021123119) (139,70,0.833627339162748) 
(63,4,0.789763488697183) (90,81,0.8600397651756728) (2,77,0.8327226653195783) (53,97,0.7826507222840835) (117,76,0.8186156268643471) (29,3,0.8757248826215518) (93,53,0.7744421075777298) (30,19,0.8437627714119084) (119,72,0.9134978079494873) (27,105,0.7848706716780824) (136,32,0.7627752158240918) (119,107,0.7890307450287087) (29,94,0.9399429626119815) (104,22,0.9492362594255146) (128,39,0.8748211916924155) (81,9,0.7755327236524062) (46,59,0.7718901441218816) (64,25,0.9452048187338605) (44,120,0.9293041407837964) (48,60,0.8589867745474665) 
(128,88,0.890348764589368) (117,76,0.7702195024104989) (42,71,0.7536152582476023) (63,135,0.8589438725781922) (60,17,0.7560430801085835) (131,77,0.936742019226322) (29,116,0.9285023950613833) (104,110,0.8727900514307257) (67,82,0.7888824903470919) (36,94,0.8632199754517959) (95,29,0.7761367460914712) (17,97,0.8461920431232953) (72,7,0.8495963218215546) (139,128,0.751285209335861) (48,121,0.8841637923005282) (85,35,0.8786965662159303) (19,50,0.8908012223130348) (24,72,0.8777381506418995) (6,123,0.8513585404185743) (26,97,0.8806380469865057) 
(136,43,0.8338829749536637) (121,122,0.9256421852327267) (77,20,0.9037509185475354) (110,20,0.9111870751972814) (28,56,0.8232598712450441) (14,80,0.9249854121394268) (131,69,0.8045330793117716) (105,78,0.9179874552835818) (68,88,0.8733180921285516) (48,44,0.7872145554385391) (44,135,0.7545275892054787) (98,35,0.8082514155749634) (48,113,0.8262373071023699) (39,65,0.7699334475886956) (8,5,0.8467563759328024) (55,42,0.9073846739073835) (89,105,0.7908706921123678) (112,94,0.8098975873193406) (134,95,0.788132100216724) (137,62,0.8729949583894425) 
(59,14,0.9002804330227484) (120,112,0.8229867272091554) (114,139,0.8214276734184053) (4,64,0.7765960500341469) (101,77,0.8372067638772902) (124,71,0.7800214593169005) (40,29,0.7841054344307484) (26,10,0.8202511708753859) (25,34,0.9240819560765887) (70,116,0.7591398580282045) (76,50,0.913113854246691) (35,68,0.9042647141324901) (51,104,0.8955971124988704) (105,71,0.8340734874803425) (129,23,0.7995146853690092) (17,128,0.9264933597781722) (5,63,0.8278887822437336) (49,51,0.80345808160851) (16,56,0.8891127931100344) (30,88,0.7733207754033367) 
(77,61,0.876286913029074) (99,69,0.806612958044628) (109,131,0.7621396291510812) (27,125,0.8055807372780375) (18,87,0.7711767255975038) (76,87,0.797964267519539) (63,77,0.9481118333147387) (81,104,0.8984053917906522) (99,111,0.8615394665101597) (62,76,0.7895403177625386) (127,50,0.9171579104161915) (32,80,0.8306397302603383) (93,45,0.9359252431100027) (53,114,0.8390179448469891) (89,96,0.8503911852047088) (39,63,0.8100471811201413) (67,123,0.8083895989337366) (29,26,0.9459239142807233) (127,48,0.8019038302135342) (108,130,0.9141398374058393) 
(0,3,0.8483758146013712) (113,107,0.8396748334442204) (94,89,0.8631372130143353) (31,23,0.7931232543036515) (77,85,0.9266376486865416) (135,10,0.7702821220009314) (3,86,0.9321425989351114) (86,133,0.9447143591266016) (78,93,0.9410731630816467) (67,29,0.8831883764513044) (46,27,0.9014273359102939) (122,77,0.9186650733584097) (137,24,0.9015607579712073) (80,132,0.9173226653429771) (106,118,0.7702220331787702) (64,69,0.8174223273686414) (98,111,0.9282036108867369) (119,113,0.8031597734030594) (38,134,0.8581444042220377) (35,68,0.8932961650948954) 
(54,119,0.8936547014979448) (24,36,0.9358532907183741) (125,101,0.8116107711033397) (33,115,0.7993960235054439) (131,36,0.7697085704372679) (109,3,0.945768536650964) (7,114,0.8957360113454882) (3,139,0.7982694863552566) (126,55,0.765130221281447) (25,23,0.8949985999358098) (111,136,0.7967349707685855) (99,110,0.8186979952655461) (0,4,0.8597550264541685) (108,110,0.7844500350683085) (36,51,0.8352754541219233) (69,96,0.8818154802932339) (49,94,0.8277267482579882) (98,1,0.8586420946322249) (7,65,0.7688795024297987) (39,44,0.7958198434298747) 
(60,117,0.9196035680143589) (61,120,0.8392903395707975) (13,26,0.8011943927403234) (90,95,0.9004918885980239) (121,98,0.9144996105236542) (5,47,0.8190803110097795) (51,97,0.8780277329502109) (28,98,0.9241136409780407) (45,10,0.8198788846265135) (137,59,0.815784002553073) (70,89,0.7587634978993848) (16,23,0.8917620152273231) (16,94,0.8591776341594235) (110,84,0.8915478334529354) (54,96,0.9273922873760505) (80,9,0.9248151104642084) (66,20,0.7853215196347165) (46,87,0.7656352857509845) (78,1,0.7799985868312556) (2,120,0.9038899433273901) 
(21,119,0.8899362551459313) (134,56,0.8235098402507801) (95,14,0.7906807927299062) (16,1,0.7811097631819902) (118,99,0.755523746718853) (70,83,0.8834881474997949) (113,137,0.8009779340123775) (93,59,0.9416126506135472) (107,121,0.9197558089315665) (90,50,0.9393425646541689) (123,133,0.7936044573928561) (43,77,0.9245368578678553) (126,135,0.8612047823467601) (112,44,0.763555454745908) (100,7,0.8575947276911413) (83,135,0.7689637750951474) (99,112,0.7694512007751143) (89,5,0.8397753349754938) (99,21,0.7674736740721612) (7,68,0.9077478779088612) 
(90,8,0.8724383196663275) (83,67,0.8903743666818754) (23,84,0.948380528001566) (88,73,0.860981401572698) (104,17,0.8680499338711691) (110,17,0.8341107549609927) (139,51,0.8821804945262796) (130,59,0.9340574633658763) (17,68,0.7610076773336377) (91,45,0.9288159869158437) (24,3,0.7606408873228497) (110,43,0.8420194459717113) (137,8,0.8778097338546414) (24,122,0.7732285237027148) (30,15,0.941850050952983) (83,109,0.7729558560230316) (82,138,0.8966809089668003) (62,57,0.9215483679376484) (65,8,0.844070441561693) (14,30,0.8505878634145083) 
(92,28,0.8371323849433793) (71,54,0.7631562793063178) (0,5,0.8010531870740227) (5,69,0.7833642790374292) (42,124,0.8725682848211413) (104,90,0.8635487782096762) (23,42,0.785949578985318) (79,136,0.776300634302435) (76,10,0.7779077765145137) (123,83,0.7844353724423171) (54,110,0.7519304775940985) (62,126,0.7876917685791961) (13,8,0.8286809515490368) (136,87,0.8384000398366822) (127,4,0.8847989970768216) (113,90,0.8187049405170505) (19,25,0.7646944815194888) (109,9,0.7695888259979466) (93,36,0.8598391762070305) (133,114,0.7574065709397289) 
(123,46,0.7859778621455523) (113,60,0.8796628095138672) (35,18,0.8941181570542236) (16,9,0.9090110072023734) (13,58,0.8496254358373282) (24,44,0.9108411932856351) (98,24,0.9339242796869756) (73,137,0.8844214507694297) (10,23,0.810692408756714) (58,5,0.7593552642008472) (124,16,0.770110239757825) (42,24,0.9240369810670315) (55,86,0.755566428716601) (111,48,0.779881003577073) (60,4,0.9294941804613908) (41,44,0.8850613775925785) (100,13,0.8014189561742309) (51,47,0.9285500253106774) (78,55,0.9417043657933223) (16,20,0.9270829242252344) 
(53,14,0.9371096749433742) (13,4,0.8033027776442401) (96,79,0.7588019859603645) (29,124,0.8930901340533964) (104,0,0.7525944870505515) (69,76,0.9334716818179801) (97,100,0.8869424546010939) (6,21,0.9415742316363317) (51,68,0.8538941743701672) (65,82,0.8731772237111515) (25,110,0.7704854718472229) (137,35,0.8497585975736892) (80,88,0.8234236212447029) (34,106,0.787157773182476) (128,74,0.9275167948039958) (20,79,0.7795160349660955) (28,30,0.755515857897132) (134,88,0.8139862710783055) (28,125,0.873206306100444) (85,43,0.780876007603555) 
(100,88,0.8764689813905797) (21,35,0.8341511876485606) (60,39,0.8923619047726243) (76,121,0.8878851496897993) (12,85,0.8593571865373902) (40,57,0.8595014283054218) (105,133,0.9134438054912721) (65,85,0.7890235217797549) (78,46,0.7579739686494815) (65,23,0.7959571941643807) (131,133,0.847631958927992) (119,87,0.8649078381052047) (122,48,0.81438110351255) (113,111,0.7839475409600248) (44,69,0.9084117328643396) (25,79,0.7943210781632395) (30,10,0.8649529183003086) (55,71,0.7676271601810943) (68,66,0.907113541541803) (42,37,0.874815242700034) 
(77,139,0.7934714371832895) (15,2,0.8991783551355215) (60,88,0.7949708166348717) (127,101,0.8580081654981403) (13,46,0.9287431581099161) (9,125,0.9471605929021143) (75,82,0.9473529004426748) (37,65,0.8784855206708749) (126,47,0.9357843873494357) (82,65,0.9046235056512113) (78,43,0.823805050803293) (115,108,0.8813079302827136) (49,114,0.812202364271046) (95,21,0.9177129274800149) (98,2,0.8120846102404159) (122,28,0.7907002965446215) (51,133,0.8395132553454578) (7,74,0.8022431110427941) (106,116,0.9332718443843673) (5,54,0.8088500141148128) 
(136,108,0.9477762728348047) (68,91,0.7628407265204231) (118,27,0.9294344967343159) (67,78,0.9200560973626601) (68,92,0.7806260708261024) (1,87,0.8282918529860381) (47,136,0.8212682614887568) (88,63,0.914225349015794) (87,112,0.7842902043316438) (110,38,0.9425051109298735) (126,0,0.7934878634382562) (45,58,0.9079743939318385) (80,44,0.8104039806821616) (22,93,0.8082053374116079) (13,59,0.8299056339610493) (2,93,0.7618938161587928) (0,121,0.7556770121583459) (129,105,0.9492580067902763) (82,75,0.8640822701945026) (42,85,0.9241133032247351) 
(79,26,0.8056800580852276) (90,103,0.7878802018061687) (14,39,0.8786084276998261) (133,125,0.8068509829024609) (138,116,0.9023714414308046) (36,50,0.851643848394686) (115,90,0.8962624060605076) (38,130,0.9211946792649881) (105,136,0.9049770829778426) (20,107,0.7649450417427236) (124,50,0.9211580512258071) (67,46,0.9079834655270093) (24,27,0.8761342879605363) (22,72,0.8992661103862434) (76,123,0.8666495953351502) (24,69,0.8571729895765314) (87,119,0.937238951433716) (103,81,0.9332565906778001) (57,91,0.7962768553496083) (35,53,0.8464308641070386) 
(95,19,0.8217099370057304) (116,113,0.7750797240818126) (11,44,0.7805647103127186) (46,99,0.8555591704730143) (63,58,0.7823342963822998) (24,129,0.8252222184968432) (67,38,0.773706311421252) (90,110,0.8683561571569449) (86,6,0.9446066324879321) (48,20,0.7661527100319436) (80,136,0.774034132755199) (123,41,0.8298339989846424) (3,107,0.8766616938702195) (61,37,0.9309539829890889) (16,117,0.916804280357914) (98,36,0.8508587689688731) (99,47,0.9112355605536351) (60,20,0.810806275903672) (73,121,0.7852963073365316) (63,81,0.7672822107610959) 
(5,40,0.9407486081869763) (4,30,0.8765809639101619) (58,79,0.8745317956511306) (24,85,0.7750214287527033) (83,124,0.7681598005427742) (111,35,0.9009259301237351) (110,45,0.8457018448617944) (46,26,0.7706773137711966) (113,3,0.9116691902630807) (30,35,0.7965468239903026) (35,87,0.8745808809107838) (135,98,0.8244231660942407) (18,52,0.7550625289908192) (22,11,0.8547888550612971) (35,46,0.8100031446332384) (51,96,0.8541588245788738) (127,52,0.773302183847675) (14,33,0.8609239496288469) (42,15,0.8624559616287195) (38,4,0.7674731889767521) 
(20,36,0.8538175140242922) (96,56,0.8768927247948388) (23,32,0.8996315733121694) (134,13,0.8413335075993529) (55,41,0.7607605079442562) (90,76,0.9475424815737262) (79,107,0.7781214944855208) (38,102,0.760176797653456) (102,97,0.7994879354532225) (22,9,0.8086306961773759) (87,77,0.9236024496110163) (23,39,0.8201964651010524) (59,1,0.7648162522065356) (120,20,0.7864808261170244) (81,95,0.7858948066352814) (53,111,0.940701586837615) (80,8,0.7995995976873542) (125,126,0.8445714078726368) (31,85,0.7738854575125964) (7,19,0.7940984515775216) 
(102,12,0.8957117565868968) (7,130,0.757541695732209) (32,118,0.9270606688478279) (47,44,0.7904045095783325) (68,132,0.9082424109429872) (54,112,0.9317646031583087) (87,10,0.8256560258921026) (9,110,0.8596922923415325) (14,63,0.8059178904775399) (73,115,0.8809077343328066) (50,25,0.8357485925973581) (35,75,0.9279922962029683) (81,36,0.7991639699849292) (44,97,0.7611850070049704) (17,6,0.83099609221215) (122,27,0.8656079077431974) (84,8,0.8161938541383289) (5,54,0.8163963105378589) (120,34,0.8884702941782525) (85,49,0.8556429019304679) 
(69,65,0.8764859192305713) (39,86,0.770821535952439) (3,9,0.8546396272336952) (3,13,0.8490097209483075) (69,109,0.8554205194611825) (0,74,0.7831977650589627) (55,4,0.804071922427372) (99,77,0.7653861221363134) (18,40,0.8627095988600099) (38,117,0.8502862806714118) (18,108,0.8260691507930911) (35,112,0.756317326161413) (34,52,0.7865565029377998) (41,89,0.8304620468618433) (108,131,0.8057136269511136) (85,100,0.841656259610329) (75,132,0.87910031164774) (138,50,0.8919777278409928) (21,6,0.8656018502630322) (123,122,0.768420108878468) 
(50,40,0.7970757128867061) (0,74,0.9416017383780305) (124,15,0.840051541442496) (108,1,0.9450389272807043) (74,38,0.7896821842532851) (71,60,0.9156870122399039) (114,125,0.7814006681863663) (131,113,0.9067370358977258) (111,50,0.8843561936820925) (99,25,0.8459267566070382) (42,8,0.8887699661107062) (47,61,0.871711437167491) (85,130,0.8092190365691252) (5,97,0.7852466176100208) (5,96,0.7908048290923645) (120,80,0.8890633650963004) (129,67,0.8962599416513181) (57,9,0.8395219932801756) (82,97,0.8414024589431329) (11,106,0.9353316290498531) 
(88,64,0.9094239316117452) (110,33,0.9215440329995506) (100,103,0.8149255631214429) (108,93,0.8871029766648436) (47,125,0.7736547478287845) (22,68,0.7855247838965227) (11,65,0.8397268511370012) (127,54,0.7750435828542657) (88,133,0.8856376784184019) (105,110,0.857549439290402) (18,121,0.8839732563054432) (6,55,0.8916030143933644) (2,7,0.7985041789177405) (40,17,0.8849833862007631) (139,33,0.7503808544745376) (62,13,0.7516855847527385) (38,54,0.80912831328666) (120,73,0.7707141202918816) (44,51,0.9302241432852852) (100,123,0.7744152382369113) 
(97,138,0.9288564859147925) (89,107,0.9249056218376258) (25,22,0.8807958365978966) (46,100,0.8750067950604429) (42,37,0.9082786315204457) (30,68,0.7713094687108198) (130,71,0.7710668735032153) (93,101,0.91058596038626) (124,6,0.9439665216571304) (18,31,0.7601056432253129) (128,11,0.8746600290461082) (48,85,0.8470232191845648) (116,73,0.900712674778932) (69,100,0.8205569370597039) (76,74,0.8480036634508024) (101,94,0.905439066927545) (18,60,0.8389254304250218) (120,19,0.7553576206093825) (17,39,0.9184057227548281) (72,87,0.8697786185608076) 
(62,116,0.8272984205493057) (88,73,0.8666160625296623) (85,109,0.9034852606833828) (125,106,0.9126179179757691) (48,102,0.8399004054745801) (16,45,0.7884844043481709) (29,62,0.9084045772595954) (131,46,0.816994128602879) (83,48,0.92008333992824) (112,104,0.9083976375935946) (30,137,0.8880007889016787) (11,34,0.8311309274183126) (123,75,0.7635000646157607) (36,102,0.7522456282581822) (24,110,0.9282441438271306) (53,12,0.7913066903224443) (61,113,0.8479395261672972) (87,2,0.8620658113954609) (30,67,0.9147525219767784) (50,117,0.8149303016702028) 
(21,48,0.918031488820249) (93,7,0.7983720213793201) (40,39,0.8595382799748478) (117,134,0.7732660860854397) (105,31,0.8776125006000636) (56,57,0.8528999494406149) (10,22,0.7949246542737496) (88,137,0.9081872084573643) (11,51,0.9279292180344627) (114,123,0.8428038175041547) (64,27,0.939700810198029) (90,114,0.7618872679075822) (43,8,0.8820002981977462) (61,75,0.8469156428965611) (111,62,0.855802926727082) (5,8,0.9189382133152488) (83,8,0.9183688533760231) (31,38,0.7869020934124269) (53,8,0.8138409500439964) (14,71,0.8717306697930134) 
(107,48,0.9053708121015968) (75,74,0.7831676602350044) (33,119,0.7792265961842137) (111,125,0.7654603056436251) (100,116,0.8120963871264401) (73,132,0.8258941801313459) (30,131,0.783029875568081) (83,93,0.8533551206376113) (109,32,0.770503817867409) (65,43,0.7570038855396629) (10,23,0.9261430312982889) (89,61,0.8402433722057954) (69,31,0.8124671516735217) (50,4,0.8070216576929794) (1,62,0.8992642142343793) (116,134,0.8623579762500025) (2,124,0.8908189140760767) (94,39,0.8969874834902163) (20,121,0.9023915556366603) (50,45,0.7966395271487451) 
(9,136,0.7693807100371445) (103,56,0.8728150678785104) (116,68,0.8584375419500911) (55,120,0.761429740888661) (82,41,0.8293078399930016) (111,84,0.795619643076196) (10,122,0.8797376014437757) (5,132,0.8994718259126159) (65,4,0.7750135046772468) (88,70,0.8174744880618666) (99,103,0.8188935662719412) (43,45,0.8314049775202478) (19,38,0.7528605052757301) (111,91,0.88693137682881) (41,108,0.7904990141722369) (28,47,0.7894128914484789) (87,42,0.9421723744959394) (98,74,0.7760229475236048) (70,62,0.8303646138271158) (79,83,0.903188438071928) 
(1,123,0.8250416315275273) (118,45,0.8899668181166697) (30,28,0.9193109440538423) (91,19,0.9323278895185297) (52,42,0.7870435334071739) (126,114,0.805736890553597) (119,36,0.8636621003651426) (125,43,0.8958173757736815) (31,81,0.7637429001532113) (52,49,0.9349303999183984) (52,114,0.7571550706288979) (120,35,0.785816238225396) (55,137,0.9027630734755494) (89,97,0.8472444984651053) (88,121,0.7830986799752825) (12,1,0.7703549731790067) (85,58,0.9362887686610515) (62,18,0.8057069133880352) (57,48,0.8917131231515614) (12,103,0.8114106666796852) 
(53,0,0.7597260996738049) (56,46,0.9146864184359851) (44,93,0.7604462073731394) (138,121,0.8215499764177658) (50,70,0.7584201451412695) (18,95,0.7611080988299312) (104,46,0.9433219327512907) (37,25,0.904356227877896) (14,56,0.8390054873114214) (84,79,0.8290629166891448) (78,83,0.9047838439471736) (65,67,0.7876173480889721) (108,58,0.7678274325832917) (37,138,0.8237519773706046) (18,8,0.9356291369621981) (102,97,0.7747037316998767) (86,7,0.8175648864603082) (37,39,0.8835013453192468) (71,125,0.9011203443068704) (4,109,0.8026688764126002) 
(75,117,0.7562450223157484) (15,18,0.7704086068884362) (80,14,0.7565646914991648) (58,105,0.895232070021454) (64,69,0.7709366249725879) (44,101,0.7963427108473404) (25,68,0.9170470995632944) (25,24,0.8690503243089867) (63,27,0.8295218125437795) (68,22,0.9495624936229814) (119,20,0.7715303643539477) (95,43,0.9349103467409582) (6,40,0.8039912129672349) (31,10,0.7710921735322951) (72,19,0.8314650786142012) (6,132,0.9249095936605087) (1,20,0.9482454856307571) (94,126,0.887896673475773) (0,70,0.8350502800566105) (114,8,0.8377710976748027) 
(119,60,0.8857764797334307) (84,49,0.7832215317462111) (2,67,0.8341755183453792) (104,99,0.7931965321862546) (112,55,0.8801540899134752) (127,34,0.9439574064767935) (35,41,0.8120432257820195) (1,79,0.8103360667070287) (75,56,0.7736924888793418) (82,46,0.7778455359890668) (129,139,0.7700810068019256) (30,99,0.7530578933326275) (10,71,0.7970823872250498) (27,103,0.8547822648604159) (125,133,0.7521010566241996) (1,68,0.9187771872747715) (121,139,0.8180779072823843) (81,5,0.9325217851475809) (6,18,0.7802156056876292) (4,109,0.8586671096001918) 
(32,89,0.8960128886614656) (54,32,0.90551282218653) (34,0,0.9381072659785861) (61,100,0.8573151605427308) (127,37,0.9476796419930119) (105,66,0.8841242333763701) (58,133,0.7894202635096602) (126,132,0.9353150076671135) (62,95,0.8998158817389688) (120,92,0.8175516950263696) (15,91,0.849724416020273) (81,59,0.914039783454686) (2,50,0.7635016274287606) (4,15,0.8386906326908978) (71,62,0.9077665779080689) (105,34,0.9342631935412278) (0,87,0.8894314761980523) (28,106,0.9357179366273405) (72,83,0.9360420475254566) (120,40,0.7851689034802399) 
(74,135,0.840170724064012) (39,54,0.8764348826729651) (108,56,0.8171967153667588) (15,63,0.7801873349146349) (24,65,0.8453983867811979) (136,29,0.8382382159624241) (119,74,0.8132695641963698) (51,14,0.770543980944889) (20,48,0.8933437207959006) (36,16,0.7744793173731309) (89,131,0.8227127450367063) (70,126,0.8410875086037408) (108,104,0.8153489451632177) (106,44,0.7694595850071367) (109,10,0.7851460926030589) (139,112,0.871780075340943) (77,117,0.8382832462553861) (109,24,0.8552970695137774) (25,122,0.9077902826028764) (8,137,0.8772550034563923) 
(37,111,0.782377888832565) (126,128,0.8906883691853636) (132,91,0.9019609911338721) (44,14,0.7805474964404949) (41,50,0.8400022207666604) (37,9,0.8105180394235338) (89,4,0.8750348556280386) (40,110,0.8783982276401585) (96,55,0.7899653262746468) (83,35,0.9447876204267276) (30,17,0.8785943274643964) (67,59,0.7606047224190744) (96,44,0.7572831465354047) (115,103,0.7682479902691346) (2,83,0.9328229721948167) (9,116,0.9028326478120288) (133,0,0.8980111733157652) (79,19,0.8226970439336476) (92,63,0.7650649276935165) (31,88,0.9300606784178665) 
(132,123,0.8164765765732485) (21,5,0.9155094777516679) (29,39,0.7631624839782536) (47,68,0.8465319098782619) (73,4,0.8249648282865427) (136,103,0.8813312667368021) (49,129,0.9452049155417538) (63,81,0.8611819950046408) (88,132,0.9353044579794668) (94,5,0.8449825071858931) (52,98,0.7544352511306384) (134,72,0.9217733894627991) (25,5,0.7691597239627442) (36,89,0.8566262557959236) (43,41,0.7719564109760223) (37,90,0.9473017791379823) (103,43,0.9313846959509222) (7,48,0.7661772144683088) (29,37,0.7616101885591735) (116,83,0.750416045745099) 
(13,131,0.9404922574785913) (58,46,0.7871114453766144) (129,119,0.8235387597047545) (83,66,0.8745269362390183) (133,80,0.7524397693606459) (82,57,0.8610892504392732) (55,73,0.8140427483209558) (118,41,0.8276253309725563) (134,47,0.761028530870701) (25,137,0.7720460255522802) (27,39,0.7743633812390733) (134,99,0.8528340054119635) (35,117,0.8792570546465728) (97,54,0.8066561878983846) (94,0,0.7705949056935776) (73,95,0.8345954855883204) (37,133,0.8554321288000784) (105,88,0.852074432669403) (60,66,0.9406093233838069) (99,70,0.9412931159572944) 
(103,121,0.9074146699579834) (12,71,0.8427335055273205) (93,35,0.9400077609229445) (53,97,0.7738206814279739) (117,53,0.8233210177091442) (46,2,0.864013273956695) (99,56,0.8883122461656124) (25,7,0.865413482997951) (96,125,0.7995456243021164) (74,1,0.8336313944079324) (73,24,0.7977438071939813) (8,134,0.8578912783478716) (76,36,0.7801240579756418) (87,28,0.8391571870114911) (15,99,0.8724537990827307) (17,26,0.8188655232471129) (139,137,0.780025473480172) (32,24,0.8355591526299122) (82,101,0.8011825770883514) (32,106,0.8498972686571923) 
(111,89,0.919497320190073) (85,26,0.9181027633667779) (77,116,0.8629164917598281) (113,124,0.9233546257444233) (83,46,0.8396775252926004) (57,32,0.7901002108918243) (108,73,0.8110330680147653) (108,46,0.7571724822704755) (98,60,0.7922338796994822) (59,139,0.7813376613797414) (57,94,0.8779469467639092) (68,122,0.7814485759563191) (60,50,0.8869157537244521) (87,36,0.8462551917350374) (34,8,0.8877386162579299) (66,39,0.9009041430098574) (138,63,0.7673168020871537) (105,111,0.7976561430478275) (91,51,0.8692840879083931) (75,79,0.8258878209482294) 
(78,68,0.7541562445089237) (23,39,0.7881319649436112) (108,52,0.8122651755422922) (133,75,0.8100783805128676) (73,69,0.8409345413579754) (125,0,0.8783294110800145) (24,63,0.7674645020414348) (50,37,0.7945151274357078) (32,89,0.8148461156912411) (128,102,0.9047082063406691) (128,88,0.8805415178921813) (124,5,0.8264856812337252) (24,20,0.7673970838044817) (90,48,0.8818437949979949) (101,136,0.9456578780423043) (101,58,0.9192721309000711) (39,6,0.8673989516005312) (70,79,0.7937609926628606) (126,104,0.8093104779111716) (92,15,0.8612210515813626) 
(15,65,0.941032818558195) (82,22,0.877387889764914) (100,79,0.9067073106397472) (88,126,0.7817135899193144) (17,133,0.8356662393969647) (66,95,0.8452683279148789) (1,100,0.7798189969346637) (117,48,0.8501391160544814) (55,117,0.9118506047240701) (56,48,0.7786704313798883) (78,2,0.920217626500635) (39,38,0.8479592520471197) (53,43,0.8779809465847878) (73,113,0.9493132172632028) (63,125,0.7785744495702873) (116,79,0.8484371918450688) (47,66,0.8227840564971625) (96,131,0.8338179301802627) (40,52,0.7629270193487433) (46,56,0.752897845077115) 
(92,36,0.8311487252066264) (101,113,0.8114339685376167) (29,117,0.9232156005355574) (132,131,0.7970988691627161) (110,11,0.8364026641380093) (109,47,0.7764253752719003) (35,61,0.8862985233083753) (77,96,0.8273551871181528) (84,7,0.7724152499607376) (57,93,0.9307237927272076) (68,115,0.8867040430452398) (26,92,0.8058625953767763) (38,86,0.8450577436474379) (88,67,0.8625908228238713) (82,115,0.8182608902440187) (50,138,0.8032027816671896) (47,100,0.9367863433699184) (73,19,0.927456663282993) (108,8,0.8422061813233777) (133,21,0.8275798222776795) 
(99,1,0.7745056557893338) (113,17,0.8719275617006944) (130,46,0.8032836699889586) (34,13,0.7747493636971454) (122,49,0.828061838695478) (115,62,0.7675645660702914) (33,103,0.8091545443936391) (86,130,0.9426770055345256) (95,16,0.8768937403785811) (88,85,0.8940772128149246) (80,45,0.7843516317182806) (107,48,0.9460727231932667) (1,42,0.9040056495842426) (124,93,0.8767903085902449) (48,41,0.7547810454381482) (20,139,0.7578753681470671) (6,125,0.8413913636274736) (34,70,0.8657633322293191) (111,102,0.8704201119339996) (57,96,0.8892199923059421) 
(99,87,0.7686539014074284) (1,133,0.836236032625238) (109,44,0.8506169584445012) (20,120,0.8146557110975539) (97,19,0.7706869290116481) (109,96,0.7584523549430062) (27,17,0.9240976067803599) (8,131,0.9150574004582644) (99,3,0.7502562969543828) (80,81,0.8438268306879851) (68,35,0.8783293000258852) (8,81,0.8275578920498343) (62,20,0.8876206373458442) (103,31,0.9048795980185916) (12,118,0.9046257247957556) (15,93,0.9334263650661793) (92,61,0.9461176514236989) (49,107,0.7846211129499862) (89,82,0.8095363572396618) (7,19,0.9010616725833187) 