(23,86,0.7516417827111018) (44,18,0.8869142977226341) (4,16,0.8051926580143189) (4,74,0.9048565233117127) (7,1,0.9074088957838085) (32,39,0.8662522926327518) (33,67,0.9227585268586492) (45,108,0.8256559235614022) (99,8,0.775894156153238) (100,89,0.787354634263816) (58,101,0.8507263927153051) (5,79,0.9204175440062953) (36,83,0.8427088781679594) (112,27,0.851850908215686) (51,13,0.9343204340768725) (85,42,0.9304031360480911) (62,87,0.9210114634108582) (75,82,0.8881553108623481) (3,100,0.8556046639902878) (51,11,0.8535792777455724) 
(17,34,0.8729985259030382) (32,102,0.8728280202525402) (74,15,0.8774139578992473) (70,3,0.8887654169572593) (26,111,0.7794650070921822) (33,53,0.7658615061113513) (62,40,0.8393453638216407) (115,79,0.8896286071229518) (86,62,0.9160327370278937) (104,80,0.9392776043917312) (96,74,0.8156395302468298) (45,71,0.7797982101608829) (68,14,0.7562243145851232) (44,109,0.7626948379017541) (79,22,0.9143485772385278) (7,93,0.8983570045617327) (110,108,0.8680447337544838) (7,68,0.7596159781517257) (43,4,0.7615359718096231) (100,106,0.9292319684236785) 
(1,69,0.9177316474695874) (102,4,0.819067647584991) (79,87,0.8237545146500149) (98,47,0.8821647024202728) (24,72,0.7850324592308182) (38,83,0.813307347635787) (72,11,0.8146248872426928) (94,83,0.8788744963009296) (94,95,0.835993199979557) (33,103,0.806498947862021) (116,25,0.7655182744096629) (114,70,0.9180171045774004) (68,101,0.8979671333089121) (25,66,0.8640222138359875) (62,51,0.8088492851843551) (100,22,0.8776226545961263) (62,85,0.7840300095337626) (115,109,0.8594426679381987) (96,53,0.9076856122183069) (71,52,0.9147264224502017) 
(17,56,0.7614329022321287) (46,42,0.940626995891333) (5,88,0.8723481887947353) (104,81,0.9154058570716037) (46,65,0.7505252139120527) (106,46,0.7522872920761344) (12,34,0.7623316840597526) (5,34,0.8738794241017782) (67,53,0.8366721679869367) (86,56,0.9151520042400832) (16,4,0.8750794100710557) (38,71,0.8513935484898618) (97,51,0.7982185537024811) (22,109,0.9041969623579919) (107,35,0.850068591648087) (46,38,0.8957962057646814) (46,36,0.8349437214510281) (13,8,0.8408433066989656) (89,93,0.8996480107016297) (112,53,0.8951138244039939) 
(13,25,0.9278261103962886) (7,100,0.797236995422703) (58,43,0.7745806173662174) (8,16,0.8508113625478934) (82,52,0.7921265413237382) (22,10,0.9055553037639669) (3,11,0.7589348097589004) (110,114,0.8877932119392181) (17,22,0.8910335824995929) (59,97,0.8511217381351944) (50,33,0.8225791011368209) (53,117,0.8751980909869443) (30,10,0.8378508393587564) (18,118,0.8198172308809138) (14,75,0.7501260450299819) (116,31,0.8282384842246745) (29,43,0.8690977220102424) (40,46,0.8214029111630498) (59,58,0.8887058313045288) (43,71,0.7565048304202975) 
(3,94,0.8716179535602686) (10,75,0.8581859127064464) (56,43,0.873421384623053) (67,76,0.8814355341643043) (35,85,0.7764228095601471) (119,108,0.8805230713318233) (103,15,0.8647279707057854) (54,73,0.7802840414329553) (81,106,0.8028727165186769) (82,66,0.938900265033835) (95,17,0.8474177911238134) (76,75,0.8342118819876683) (53,46,0.896795554609647) (47,62,0.9222006463862964) (75,47,0.9034659758653037) (25,62,0.8623537656126972) (77,54,0.9363964488476804) (61,41,0.8713004794755784) (9,55,0.9432476569073978) (36,38,0.8174314370990343) 
(102,38,0.8815181317240449) (95,34,0.8013043593328826) (103,74,0.8942323583811206) (27,14,0.819552827317709) (116,108,0.7525968345675498) (105,92,0.8259707369956956) (86,119,0.8723898431720404) (84,80,0.9449591320042632) (40,27,0.9444488761147425) (84,35,0.9174263308442836) (27,57,0.9392990296474414) (10,46,0.9274369386599209) (97,94,0.9447922766891912) (86,28,0.9074285294269399) (108,63,0.7620095938021882) (9,85,0.8518737791107822) (5,18,0.7533932291517306) (77,39,0.8095402739864102) (99,89,0.7818686741536752) (94,4,0.7509687436309841) 
(73,40,0.8799529576350977) (65,45,0.9275456402681754) (94,30,0.8287243312657467) (40,26,0.8650150298301356) (77,33,0.8362115552289685) (4,50,0.8241319451753446) (92,43,0.9069671336771769) (86,17,0.9124211861011593) (73,0,0.7883092807269565) (27,68,0.8048325471701145) (100,8,0.8901890298961215) (13,8,0.8848602210625962) (107,47,0.8285935988551625) (66,0,0.8236113750647485) (94,21,0.8437919179368256) (18,65,0.7729280300611185) (49,50,0.8655419587369368) (18,117,0.7551009041281119) (108,71,0.8007196150211497) (81,61,0.884072862560965) 
(45,72,0.7603679263678412) (99,97,0.8538678433849176) (54,119,0.8750390910851711) (95,41,0.9012757043532087) (72,67,0.8298389242813303) (22,92,0.9230945233362786) (90,93,0.8417460934262224) (57,46,0.861261657680407) (31,74,0.8140711250993791) (118,114,0.9142414170349888) (54,25,0.7569156733173075) (14,98,0.9354978737990303) (44,27,0.8857500719900075) (70,9,0.7670051850658506) (104,16,0.8606478310812181) (36,39,0.7594387313716875) (23,91,0.874455008601397) (90,64,0.8214130285683829) (113,114,0.8113214339516776) (50,12,0.9437643650698964) 
(59,58,0.8489406753790273) (40,41,0.7853211705793308) (77,109,0.9073033047892207) (51,12,0.8994855425263693) (3,44,0.9228922872027834) (59,105,0.9488703450919387) (68,88,0.8139196694609809) (117,12,0.9381426756407318) (56,41,0.7714230770626409) (79,74,0.8433946225918137) (82,93,0.8643973992085477) (7,2,0.8564172332342516) (54,72,0.9368906962558102) (7,31,0.790255798320863) (16,1,0.7621687932771749) (82,32,0.933380822484662) (28,59,0.8704475635647546) (35,93,0.8066234665430159) (78,98,0.8904717461807663) (0,30,0.836286243262589) 
(81,87,0.9106981911560417) (16,62,0.856359357117183) (17,51,0.8762615238147501) (30,79,0.9261062477990216) (113,32,0.9317975529812258) (65,69,0.7702405688824834) (91,49,0.8420903524374743) (45,2,0.9074297083030005) (116,33,0.8607725993423959) (94,36,0.7726445951276929) (109,55,0.8859652803695541) (60,49,0.8118292862082321) (51,61,0.8007074859371286) (14,43,0.9138612703458429) (85,58,0.9474790479985644) (52,65,0.7502512876710953) (40,71,0.8729460007286131) (91,2,0.9016309422021518) (9,19,0.8209525599913716) (75,36,0.9061766887825753) 
(81,53,0.7536305022256153) (73,12,0.8780359930686948) (66,111,0.7660408904179643) (60,21,0.9443631564870831) (41,117,0.8234828752909655) (104,3,0.9296941622087846) (98,18,0.8887927793953897) (59,90,0.9272447756059621) (26,54,0.8033990494365474) (95,48,0.8245344123053334) (71,104,0.8960685782370421) (111,74,0.8658830826609636) (75,49,0.7947793301490703) (80,10,0.8893824915698882) (43,114,0.8195248440021065) (112,53,0.8744740961384774) (22,40,0.9294186781558214) (22,30,0.8648937621240835) (95,22,0.9237346193859491) (27,5,0.778847687886306) 
(16,31,0.907943392950013) (97,53,0.9300922958306211) (118,20,0.8252419558320074) (97,119,0.9245749021775624) (12,107,0.9353175566662753) (3,56,0.8333043220010773) (51,45,0.8918518630607911) (19,104,0.9451431483128544) (2,115,0.8178731353287845) (5,110,0.918955565502245) (78,3,0.9337445213446695) (8,74,0.8210112387033011) (58,46,0.8741628963086775) (82,94,0.9400533522948586) (33,48,0.8792418635233532) (8,20,0.8706534889810478) (32,92,0.7791101214476528) (61,93,0.9431435226745248) (4,40,0.8381755402604859) (40,30,0.937033020538887) 
(43,2,0.8763226790067054) (65,27,0.8500892746728312) (27,75,0.7661792907395818) (44,84,0.9347598284611256) (89,108,0.8178725803644535) (13,15,0.890999987711647) (68,6,0.7762622474336214) (116,101,0.7581465525212027) (71,96,0.8603926488994857) (45,68,0.864971997618263) (113,12,0.9406012017447107) (110,78,0.8497008693981101) (87,62,0.8635686880851646) (52,117,0.7724876808190899) (12,107,0.8730818244156797) (30,14,0.8053076412598934) (32,103,0.775207971144741) (104,82,0.781254026014225) (71,20,0.9296579706560051) (9,64,0.848478677697846) 
(85,57,0.8819513800333618) (29,105,0.8445873481239002) (6,17,0.8142691261137361) (80,40,0.8068420673998968) (63,103,0.9121948043950523) (88,104,0.9459232141573634) (86,63,0.8775726467921623) (67,84,0.7820210353805561) (49,38,0.7577130169712217) (37,79,0.9414829322807374) (86,34,0.8653038173667956) (23,109,0.8082446375751409) (33,19,0.7734193050996179) (102,17,0.9468177761535789) (117,93,0.891165087099756) (98,6,0.9034878260186581) (68,43,0.7623763828373749) (13,111,0.7600822424941117) (94,81,0.7833198887724901) (24,78,0.7609211011288158) 
(100,112,0.78353402653064) (70,63,0.8155317357428788) (111,60,0.9458910389289745) (96,78,0.9106772751222666) (0,20,0.8100932417310135) (72,64,0.8104950277215731) (20,31,0.8971892439839252) (83,91,0.9151643687679395) (68,98,0.9498339377790388) (38,82,0.7959728096581817) (9,23,0.9267754859271271) (74,113,0.7830626185919849) (115,78,0.7675106439394497) (87,60,0.7600203279185702) (53,1,0.7779389962064119) (47,26,0.7728989187782012) (83,11,0.8952315056267871) (24,67,0.8185315357935423) (87,56,0.8874075849486264) (3,62,0.8409783955676982) 
(106,67,0.9263788094347555) (62,67,0.7564211230266993) (56,100,0.784550315972882) (110,23,0.8051233821940049) (59,85,0.7631441324357733) (42,52,0.7947384653761882) (117,74,0.8899504498155505) (45,62,0.7867765194155026) (83,87,0.7946125576775338) (33,27,0.8918651179180388) (7,23,0.8505613955146379) (107,24,0.8240442036303985) (75,42,0.9317780458111975) (59,103,0.9214250834461024) (98,119,0.8785467762350663) (59,10,0.7887888487621726) (94,112,0.9341049094343479) (21,35,0.9055425509635195) (106,6,0.918559287169305) (110,59,0.7725160054401876) 
(78,53,0.9398003970528226) (31,83,0.7805613485114845) (70,29,0.9412244168640758) (108,22,0.9045566637997038) (80,5,0.9275916494400439) (108,21,0.8547959416450441) (66,74,0.7620572647465996) (18,19,0.8975742505482116) (75,7,0.8812760967802049) (0,32,0.8343201454618954) (68,103,0.8911492025977847) (81,6,0.7711969195729262) (39,15,0.855272702136797) (22,20,0.768552706590046) (0,97,0.7783107697530617) (89,102,0.9498271312463513) (118,86,0.8521386894691957) (101,99,0.8878235079693801) (62,101,0.9313722125040779) (95,79,0.7592991083258245) 
(31,14,0.8820819381606329) (3,84,0.886059710871656) (2,8,0.8342231451350692) (45,17,0.798158473985068) (26,14,0.8981073626110327) (37,118,0.8787964911506163) (21,30,0.7725556850921349) (100,79,0.9101154409715421) (14,54,0.7966508348183443) (24,81,0.9397756698509739) (13,78,0.8973266209482365) (109,14,0.8502301049698687) (89,44,0.8154133509109495) (32,106,0.8582508414056078) (59,91,0.9027877115066345) (42,36,0.9191042555375627) (93,60,0.9457161785874536) (114,19,0.8448999707251975) (28,66,0.8833174024935904) (81,30,0.8537582346971876) 
(88,59,0.8403010421051751) (91,80,0.761384144531201) (104,5,0.9443343514891452) (89,78,0.945684376412846) (87,18,0.9309490191820831) (61,31,0.8471791452298784) (117,72,0.8817234993433425) (29,73,0.7561325983317595) (28,18,0.8589268437393672) (62,107,0.8477880208894246) (58,99,0.9498728191679654) (113,8,0.8101882958787248) (47,78,0.8623027565883514) (64,56,0.8909364744802115) (60,90,0.7567718831632987) (70,74,0.9117203042115338) (107,23,0.9354061214723289) (86,54,0.8661010964669528) (108,19,0.8440775612689263) (71,17,0.910318177572993) 
(6,61,0.7889120943332193) (102,50,0.9329927368783186) (118,56,0.9457323476326631) (94,61,0.7903024419502248) (2,45,0.9361516619980467) (49,99,0.8947705041619054) (32,114,0.773209347994077) (56,79,0.9491823888922619) (41,105,0.7861916554216896) (112,22,0.8744504584531108) (96,2,0.7932073633845684) (15,24,0.8244130084745284) (67,82,0.7639335747285618) (29,69,0.9163352615756586) (85,6,0.8149974746842621) (110,38,0.7934367885540798) (77,3,0.7727472922373577) (89,110,0.9445930473527665) (113,98,0.9117973522650856) (58,52,0.8586703468222442) 
(10,0,0.900650166754823) (110,94,0.886731374595141) (62,69,0.7713424048029885) (16,112,0.8053720232180477) (55,62,0.9248442245702585) (3,25,0.9492505531540278) (99,29,0.8911029848784346) (60,46,0.8663485056996625) (63,66,0.8165012476778547) (117,70,0.807706362659112) (3,76,0.7521441375606612) (39,69,0.9463604177995376) (117,63,0.9415203356334835) (25,84,0.7743780328208686) (45,66,0.864776893285559) (72,16,0.8868583027951029) (95,106,0.897597411812024) (72,97,0.8892248007295646) (105,19,0.9477381822328566) (49,3,0.8938717492554136) 
(83,34,0.8024620754133861) (44,85,0.8681121246656892) (47,43,0.9027378030300983) (80,33,0.7781435280291729) (118,13,0.7672615582966466) (5,59,0.8513594528080447) (80,3,0.894321941938519) (104,81,0.800171212760626) (21,89,0.8756824107509017) (79,32,0.7821492782824504) (38,47,0.9067622401477847) (41,73,0.8973247297360608) (107,18,0.873959470544527) (88,38,0.923043443651249) (4,35,0.9371852902210186) (24,60,0.8340883424044333) (52,119,0.8622170975522325) (72,85,0.7843272152587204) (19,49,0.7881838981526211) (82,57,0.9370134193457091) 
(91,48,0.8707092528023911) (14,118,0.7902666535841688) (89,55,0.8334001719586797) (27,22,0.8154049056900154) (102,11,0.8056109191616888) (83,21,0.8017971872658604) (37,3,0.8511651325391255) (119,83,0.8554448087808294) (99,0,0.9091749782087293) (91,110,0.7917631297860295) (104,111,0.8183933149047864) (4,66,0.8923190747395954) (64,77,0.7808711985502729) (106,113,0.8304424771934561) (37,85,0.8611051719904675) (47,14,0.783563934607911) (66,79,0.9303280469281333) (52,25,0.8789492203746797) (28,23,0.8375757478469694) (65,111,0.9491227703928944) 
(49,52,0.7840005526777107) (80,24,0.8279230574503104) (35,111,0.8999053769690268) (53,95,0.7800682720691194) (77,24,0.8385485756962627) (111,109,0.7671510231218445) (20,79,0.9420229810676743) (92,78,0.8622887236057785) (28,55,0.8740729755493152) (111,5,0.8534640885918325) (40,20,0.8312786566597533) (27,43,0.7577448008976404) (7,89,0.846869422536423) (62,46,0.7947866062296929) (72,112,0.9495259566093089) (70,63,0.8345080085009097) (118,68,0.9415395544591222) (13,7,0.9042103583402348) (45,101,0.9069616198990599) (112,31,0.7653593157868358) 
(73,108,0.8305991766011914) (102,64,0.9318258500004919) (13,29,0.8312986513590351) (79,32,0.7977984638094695) (46,31,0.949124160954833) (96,30,0.786689094337625) (25,19,0.8644362913900312) (101,31,0.8907490339732425) (46,94,0.859533851518775) (40,106,0.7916750615919597) (90,34,0.7945003605775783) (85,59,0.8727484605122888) (31,77,0.833790009411607) (103,19,0.9475319679844276) (103,39,0.8975461137538634) (78,111,0.9253579445787445) (59,102,0.7924129626957698) (6,34,0.7556453315138258) (54,104,0.8544671131832442) (69,48,0.7546669178802857) 
(110,70,0.9439219953983442) (104,34,0.859010585822096) (70,66,0.833563245534575) (29,101,0.9310291877246069) (103,7,0.8355352798301391) (97,23,0.8412484501330504) (112,35,0.809319214130642) (10,62,0.7667928837791522) (83,99,0.8254226534125523) (51,27,0.8380033385875085) (58,44,0.8949179730972289) (68,100,0.881321642045124) (53,68,0.859130176591223) (14,65,0.8607362982889454) (50,8,0.8556962015424739) (49,50,0.8415769312852945) (69,65,0.8021784288061872) (3,55,0.7829211531591936) (66,45,0.808903914523895) (26,104,0.8321867814659707) 
(100,37,0.8910651428567266) (83,111,0.8474228516394423) (93,37,0.949259189888684) (119,92,0.8819217567985016) (37,80,0.8016853566038242) (7,108,0.9428285716931188) (51,0,0.9109621385232447) (72,60,0.9202025937023941) (96,48,0.8323381859991763) (71,119,0.7714613378229356) (100,47,0.8016170819811599) (85,4,0.7642829657481303) (108,6,0.8157751012436814) (16,34,0.7721789970543216) (101,45,0.8981848633719915) (32,58,0.8321975174523317) (87,81,0.7858093018315646) (95,43,0.8830770380814384) (11,114,0.9292207180394342) (19,18,0.9109451792981206) 
(31,93,0.8219613093307018) (47,70,0.8292221963796781) (44,119,0.7872940803262087) (27,31,0.7541365159113473) (65,79,0.8080183361033313) (4,116,0.8435031113449897) (51,110,0.9126579238817649) (73,80,0.816346281409056) (66,52,0.7627877198358486) (2,8,0.793694503677084) (69,72,0.818613831745074) (12,10,0.8499273878026657) (26,7,0.8256550725549231) (114,88,0.9446763842238451) (86,66,0.9397126243462862) (66,76,0.7814880058935393) (106,35,0.7676409552556301) (102,6,0.8148446069962635) (80,66,0.8360678235575336) (20,107,0.9122458296985488) 
(113,84,0.8051014414106636) (66,118,0.7877569393999315) (67,109,0.8852430508897248) (109,45,0.9199039123469536) (82,89,0.8554924497926013) (44,33,0.9143081385483494) (58,20,0.812766924526819) (61,34,0.9326097842050418) (43,25,0.8954071463493922) (93,84,0.9145332256176057) (28,38,0.7552449567961673) (81,51,0.9050677787942667) (90,105,0.8580916379621594) (27,22,0.8298283364456782) (20,40,0.9037476705486388) (24,49,0.7943084410947603) (78,2,0.9175254838825098) (44,39,0.8530817943490893) (107,24,0.7664174282545043) (74,15,0.8718336170700651) 
(84,45,0.9030904186962407) (114,23,0.8866478128003232) (61,69,0.7908454746763658) (36,98,0.8930484990783859) (39,45,0.912503887972002) (32,113,0.8950954392034126) (58,76,0.7719063431882913) (51,75,0.8055220658399703) (114,106,0.8830261379296146) (67,12,0.7560922510254667) (55,19,0.7989402497086712) (93,22,0.7632468839352937) (79,31,0.766630478737691) (83,22,0.8612906258947891) (62,38,0.7987395492501511) (74,50,0.8276938986979394) (94,14,0.8623724994951611) (76,19,0.8936924108194318) (77,111,0.8989288735003454) (6,102,0.920426029918569) 
(27,66,0.936038544869695) (76,70,0.8655553491105249) (59,60,0.7754650885726271) (57,23,0.8378026553936484) (64,110,0.905005380256878) (99,10,0.8022128235065112) (105,74,0.7762913405781605) (102,96,0.7804866646533057) (83,9,0.775737049810558) (48,83,0.8122432605358222) (92,96,0.7979658279379039) (100,22,0.9473640956863272) (4,77,0.7620721680384832) (42,60,0.7924276203870435) (11,26,0.8972667748337839) (22,56,0.8763082248019057) (78,74,0.7839146412154584) (75,63,0.8222662677001036) (84,1,0.9151116792522029) (0,21,0.8826844970831429) 
(59,27,0.8538907237820789) (16,9,0.7755009165680504) (32,55,0.7647705076453281) (110,32,0.8430883572293915) (86,19,0.7964754983524136) (10,85,0.8150401049730567) (20,1,0.7846332616288443) (57,110,0.79897030399185) (52,106,0.7669362033889465) (10,63,0.7961326751936254) (104,37,0.8463367041587734) (12,70,0.9258989590504998) (85,111,0.8893343609966738) (6,111,0.8468425969169358) (46,26,0.9266807375708072) (89,90,0.8468916313112861) (46,31,0.8280175026058738) (57,74,0.9081599402359162) (40,96,0.9099088846848145) (28,22,0.8318989953930341) 
(73,108,0.8763708009592173) (69,23,0.923224332256354) (76,8,0.9166509823936708) (106,68,0.9311138362365137) (85,41,0.8595854064343096) (40,27,0.7872147486465361) (111,28,0.8807201445098977) (11,6,0.8565277349843239) (62,108,0.9394563084677524) (108,49,0.8904968825849484) (112,72,0.8480072868811169) (42,13,0.9434542144822458) (0,88,0.8164747889659282) (4,85,0.8500249562320917) (25,103,0.8299823689412861) (91,83,0.7985199648656583) (3,57,0.9480686357302535) (26,79,0.9452434186420842) (48,93,0.8126169140995958) (39,92,0.8825834106180726) 
(102,89,0.8267313543874527) (57,23,0.7961172749873914) (44,58,0.9074334095568103) (44,9,0.8313909434526562) (32,12,0.809289698334836) (65,25,0.8576903467874468) (44,116,0.7812055795479206) (67,87,0.8833838601474334) (58,19,0.7759116118713291) (94,11,0.8403763661495037) (20,119,0.825243102102016) (97,67,0.8545074788819832) (116,79,0.88352545011571) (99,72,0.8670459463363286) (32,58,0.8857698211082776) (58,29,0.8997641833709163) (68,95,0.894391409750064) (47,62,0.7989750355161909) (10,3,0.8597704492886751) (41,23,0.8467684208738929) 
(119,91,0.7741682439283387) (40,48,0.9309214125489272) (87,106,0.7530185364544895) (61,7,0.8125968265109225) (20,22,0.8950180924886761) (76,41,0.8750259403955968) (20,37,0.872231913641554) (24,66,0.7944580882678848) (19,13,0.8109431432461431) (82,58,0.7933020258128954) (1,24,0.7502765357431443) (17,10,0.9441042660653045) (98,79,0.775582570861825) (41,65,0.8823466796494505) (113,111,0.7620307569376326) (64,113,0.8879052880754281) (47,76,0.9220100415034514) (25,67,0.7774307577995234) (71,15,0.9190419409132173) (40,94,0.7960458368566278) 
(25,101,0.9115888033990076) (101,30,0.9388622256732264) (113,112,0.8008855541341834) (92,42,0.8573051053176458) (78,53,0.9076179905494942) (17,73,0.9319701540315821) (60,23,0.939892797319859) (107,74,0.7502185969627007) (60,2,0.8194039620739272) (27,18,0.8477099677606634) (2,7,0.8200261683619352) (91,86,0.8178675519029991) (50,111,0.8991503307953844) (110,69,0.941048049942041) (114,104,0.896328965662322) (60,106,0.8220985678752467) (22,107,0.8387736821282701) (118,26,0.8192688162399637) (115,88,0.927952526908698) (20,56,0.8913000587759392) 
(8,99,0.9321535628467993) (66,24,0.7701091834036502) (70,27,0.8991541838579863) (117,31,0.8185857857211485) (52,104,0.7940330699803789) (22,80,0.8095403320551795) (68,66,0.7864858906968362) (40,18,0.7718122454548356) (62,81,0.907237121693163) (87,67,0.7727745009504411) (95,112,0.8337459186925151) (103,9,0.8951399450856239) (79,48,0.8135151258597823) (67,61,0.8708480654331154) (111,69,0.8649359122278826) (15,68,0.7857948664472558) (53,15,0.8592985374951683) (117,105,0.7919045228103936) (54,65,0.8633451831942973) (83,115,0.8135111144249438) 
(34,85,0.8725202266884907) (105,103,0.7827535495647568) (30,107,0.8042231488139622) (16,29,0.9055931247296565) (59,69,0.8629541317248784) (109,51,0.7964043641830298) (105,15,0.7769835393064508) (37,24,0.7900454491678659) (23,14,0.9301859197612891) (27,109,0.8829751913507828) (77,49,0.9192987598461986) (33,98,0.8293164511950497) (47,82,0.7980126880930982) (91,30,0.8116037063265025) (2,18,0.9318812203995346) (40,52,0.8066618804736322) (95,42,0.858017123958225) (110,54,0.7632349576517463) (62,117,0.8386708749489796) (66,85,0.9428666124556833) 
(12,53,0.8772003809769257) (63,73,0.7553402000303996) (23,6,0.878349714996203) (5,9,0.9031356966112102) (58,45,0.8205498875842467) (91,44,0.8809561607792251) (85,116,0.8177001057936103) (24,36,0.7918238180766601) (36,116,0.812462976811815) (72,6,0.9297630793089812) (99,51,0.8939643860955861) (80,0,0.752651500260865) (83,113,0.8627290324964277) (105,22,0.8476426743963086) (60,64,0.8613165703824596) (118,76,0.9392957776467007) (99,19,0.9130269235827522) (117,12,0.8815935324421945) (28,65,0.9343531268514886) (87,58,0.8422273532466669) 
(64,10,0.8813000878676711) (8,79,0.918907554899116) (109,103,0.8779682889016233) (70,96,0.8340477511171651) (13,70,0.8330342182117595) (101,17,0.8680332607325028) (35,90,0.762023918368052) (84,62,0.7644850290927492) (91,25,0.7825380563617016) (85,29,0.7817226931993685) (117,41,0.8680915509243624) (36,82,0.9228552283485296) (108,105,0.7837091266964903) (29,101,0.8822750303951901) (50,48,0.8997759307581192) (61,1,0.8013034616836261) (47,100,0.9316185489466811) (92,49,0.9306775469156825) (97,25,0.7794825703257638) (106,102,0.8440603642880865) 
(24,37,0.79945239372811) (74,32,0.8227641224563877) (114,10,0.8403116291830595) (39,112,0.940370341863967) (108,105,0.9220920471853576) (20,26,0.7782056032502627) (106,62,0.8095144436062773) (109,61,0.8319718540520398) (74,77,0.9181289750214747) (44,64,0.8032398382339222) (71,117,0.9262293439253565) (63,27,0.773130078211328) (95,0,0.7599830193360667) (82,100,0.9277944398046657) (88,49,0.8044856773280137) (96,59,0.8427452592675658) (3,104,0.9126458952739572) (69,4,0.8385321436927881) (73,63,0.798584165325981) (59,87,0.867613576797274) 
(39,29,0.8554385166638838) (61,66,0.7745665187443012) (57,39,0.7535928041927918) (28,70,0.9286057096663025) (24,113,0.8891283239421851) (3,33,0.94720580802117) (47,11,0.8612946233321377) (29,100,0.8673921898113479) (95,1,0.8091643021299963) (14,98,0.8594344122358112) (58,117,0.9479268404868112) (101,77,0.8714895386609971) (0,84,0.8381091922722702) (91,22,0.7716231922474053) (56,100,0.8369805399033962) (14,76,0.7980998259644165) (114,116,0.8268709123988383) (117,69,0.8919146787712828) (117,33,0.7892322372058688) (45,78,0.8994074323924419) 
(7,3,0.7544276010960016) (72,44,0.8702461840435218) (26,68,0.9453218967650499) (90,53,0.7872694373582088) (81,59,0.8099593226287751) (40,44,0.844049055627416) (119,36,0.7747622101474367) (44,94,0.8135785489477732) (9,31,0.9126812351326313) (56,116,0.76763328113968) (57,37,0.8351620121160838) (64,48,0.8726751743189143) (2,75,0.9423906155245205) (70,0,0.9009895178476703) (36,30,0.8943231275269565) (119,99,0.9056680043045824) (62,22,0.8427231313584317) (112,22,0.899086164955283) (21,88,0.9136700512588234) (78,38,0.9303236143272738) 
(26,62,0.7734446135796343) (60,117,0.8125742698863695) (24,112,0.7919019598886896) (44,86,0.8041072145842859) (85,4,0.9045713850928678) (28,29,0.917779500393351) (25,106,0.7511132344471231) (0,91,0.947512725569055) (30,68,0.8995509205678244) (21,113,0.809081799614094) (21,36,0.9358684951596682) (50,12,0.792216148244959) (108,84,0.791173408181684) (14,74,0.8207238753240516) (68,41,0.7809243436764689) (76,87,0.8893254997344755) (25,53,0.769617619669388) (119,40,0.8846518025114255) (87,99,0.751534508240005) (69,106,0.8019290978693877) 
(60,101,0.7624098260077048) (80,10,0.769356393530559) (73,9,0.8817953372499607) (118,51,0.7905582867494643) (57,40,0.8081602955141965) (25,103,0.807599340045612) (113,46,0.9496517665263513) (6,16,0.9248265277857501) (107,22,0.7829830105008033) (15,52,0.8310889944205874) (22,35,0.9374738352837326) (3,49,0.8863227245705512) (67,106,0.8489414411704044) (44,101,0.7906817030052053) (76,6,0.8857273608161043) (86,80,0.8882521977461574) (7,68,0.896082948062031) (84,15,0.8835538043808709) (89,92,0.9118822189593229) (105,101,0.9381084435710566) 
(51,24,0.8448116013456539) (18,40,0.8011442860872666) (102,2,0.9378084689948161) (84,24,0.9134055877833729) (49,84,0.8829226214050205) (100,97,0.883311808154756) (14,29,0.7748364858871604) (115,15,0.8196191035766505) (26,66,0.8153986267781452) (108,82,0.7813026921113454) (34,76,0.8201571067054652) (59,43,0.7581661368778593) (107,44,0.9499255849037661) (55,97,0.9417765064995356) (33,30,0.8691211819628928) (42,107,0.9149786178315656) (92,100,0.7552759844747798) (75,16,0.8997139908654763) (116,4,0.8911960697158017) (2,100,0.9119437710648605) 
(37,96,0.8543181648375883) (5,84,0.7829877920018354) (50,9,0.8503667674321447) (78,6,0.9390687704238863) (44,107,0.8238019417159981) (27,55,0.9116710536048926) (36,29,0.8288208035490929) (66,79,0.932375486055299) (52,69,0.8837586342491787) (42,47,0.8150897456593345) (104,31,0.8838466079149204) (50,99,0.8488257056608466) (13,105,0.8777557632622854) (8,93,0.894151010657988) (116,23,0.7721228409615972) (23,113,0.771205545947722) (20,9,0.8644471013635823) (76,51,0.8646368489514525) (65,3,0.9435055397177423) (24,87,0.857854586546015) 
(33,36,0.7500476672241598) (90,20,0.8659608695749792) (79,21,0.8821344631690158) (58,22,0.7856791643715562) (116,97,0.7536700567419551) (106,80,0.859301667186918) (71,77,0.7648478955833552) (51,53,0.7786316424182711) (97,73,0.9493290734106772) (114,79,0.935391595389701) (24,58,0.9280329427915683) (19,89,0.7804628813920657) (8,11,0.9469652668652301) (109,79,0.8362159163047941) (4,94,0.9451420159414272) (67,13,0.8578085926908613) (101,35,0.8358008687198307) (73,20,0.8658257737382348) (58,85,0.9464223512078536) (115,95,0.9298431058739159) 
(92,82,0.9302671124609684) (116,23,0.9019215938310384) (56,89,0.7802416177478586) (36,26,0.906181282626188) (88,60,0.7827666125271061) (36,15,0.8027339855829773) (16,30,0.8714590951342027) (12,106,0.8618989808948485) (79,38,0.8052144229369007) (9,45,0.8938341772585299) (77,89,0.8534917305158197) (42,98,0.9469872345827233) (102,97,0.9085383023628211) (117,28,0.7877168749784703) (26,33,0.9279209066689812) (1,38,0.7527448923916983) (22,48,0.8255691795347545) (75,78,0.8780503702575175) (114,54,0.8737495299418254) (38,60,0.8554707425317376) 
(23,44,0.8792708269026026) (21,39,0.9486170138697719) (10,70,0.9181576591443965) (33,2,0.8038847944126627) (6,117,0.8166901472665121) (47,118,0.8494897758174538) (0,82,0.8176420999005337) (88,93,0.8566858429599533) (112,110,0.8086018959355519) (70,44,0.8406934609173636) (59,86,0.9348005262083339) (113,68,0.830320601642232) (19,117,0.7991560778967127) (105,6,0.8056014563673808) (115,28,0.8994715381450437) (118,85,0.8708832450927321) (34,22,0.8493958995919317) (13,19,0.8886450655998286) (98,89,0.9043918172737153) (38,87,0.8290762332575182) 
(55,116,0.7725069217110472) (14,76,0.8785374048651486) (27,24,0.9313431195412446) (100,38,0.7650982820457225) (85,115,0.7748607139756338) (27,46,0.8609856736467706) (24,111,0.8308752553959402) (24,112,0.8529792711832219) (91,69,0.8764155925301987) (37,19,0.7505661518527006) (7,26,0.7647660389570825) (78,98,0.7769700325158437) (65,104,0.8141373973022733) (87,24,0.8213551596618625) (76,58,0.874681825921385) (7,14,0.8788867727916518) (0,30,0.8617390437828365) (28,92,0.8899167527496104) (82,8,0.861956321066469) (107,101,0.761921786483641) 
(107,87,0.7932704447398302) (114,1,0.8930252680783946) (9,3,0.9383494039985129) (63,59,0.9391561290142786) (7,54,0.7868478528858611) (102,89,0.9180956107035017) (54,9,0.9060861819663474) (7,118,0.8679095042022028) (93,66,0.8203426250085117) (48,69,0.9116895718100464) (17,67,0.7657887006576186) (0,74,0.8213423859141082) (102,38,0.7651949967935141) (32,77,0.8601460404804512) (56,94,0.8565745997485205) (52,33,0.8808859634358757) (114,90,0.9234865889011163) (107,27,0.8196275139779519) (14,40,0.8642021348646662) (42,19,0.759299066826186) 
(59,105,0.7668251754909353) (70,54,0.8167995915970996) (92,118,0.8391935925009341) (1,114,0.7951347630178329) (106,21,0.9241573348928696) (21,62,0.9438785193328271) (13,109,0.7865233266099609) (44,4,0.9120797420807008) (13,53,0.7959860980131944) (45,59,0.7838750657806377) (103,24,0.9261248586174761) (92,10,0.7950698916627899) (63,65,0.8624855018000485) (78,53,0.8747088062862299) (100,31,0.808116097873542) (94,48,0.7810025435694008) (46,36,0.8081109047187057) (51,75,0.8845094420201954) (110,17,0.9097492533739046) (43,62,0.8080488930555435) 
(3,4,0.8300994759430408) (102,94,0.8247087011896761) (67,114,0.7715736421229805) (2,48,0.801183267913629) (111,26,0.8583691784584923) (45,77,0.8004891684803223) (101,39,0.8521200075541792) (41,87,0.8838229485935905) (44,12,0.8649000953278835) (32,92,0.9154376075022369) (81,44,0.7661963410392764) (9,64,0.879186356638589) (64,105,0.7872691736754598) (40,95,0.9466630211333287) (12,85,0.8659769186528878) (50,69,0.7776974782031781) (19,51,0.9220019609119603) (14,94,0.8561440933895286) (45,116,0.8607881224081184) (19,87,0.7760156813758224) 
(42,32,0.7843706394838851) (15,80,0.8463220747528452) (66,33,0.7968562264609331) (93,43,0.8859899255042685) (33,42,0.9258871273898756) (38,89,0.9073901051648643) (114,48,0.7908742956060739) (115,87,0.7906929913816048) (34,98,0.8053925237444891) (3,65,0.853644729151074) (26,19,0.7585937578959441) (80,81,0.8465830168025493) (41,71,0.841635564036396) (6,42,0.9262985135597159) (3,70,0.8657221721389431) (23,35,0.8290611017412561) (82,35,0.7914873197436498) (67,47,0.899909266997988) (31,104,0.7673000493720773) (94,46,0.9243864469920751) 
(12,82,0.8330052812729596) (65,11,0.842915944275696) (102,107,0.8217998694509396) (54,7,0.8738205436203821) (71,61,0.8812440709306137) (63,83,0.8780338263574475) (24,29,0.8771982603096612) (12,79,0.8969618182233821) (88,11,0.8005387765764042) (10,1,0.7897907707830507) (38,85,0.8557201536927608) (58,60,0.7509579508202029) (33,100,0.7608249633235163) (62,11,0.81443817812197) (69,43,0.8497195803558908) (81,65,0.9203535933773077) (36,71,0.8647142048355293) (12,39,0.8840507744004598) (45,24,0.8234911968795572) (96,3,0.8819954772850718) 
(20,19,0.8117165563465516) (81,100,0.8055700037019722) (43,3,0.8510197775626717) (52,104,0.8931987439215843) (109,77,0.7824938679228762) (69,17,0.8183150811798606) (112,24,0.9350909321623034) (33,85,0.8909240059141662) (80,98,0.9307548172408503) (62,45,0.8786339209938281) (88,109,0.8102311910799517) (78,40,0.8975456027456902) (8,3,0.7892887528711187) (102,113,0.9003989968291821) (0,50,0.8533698171194148) (40,88,0.805380739989882) (14,15,0.7740235904677042) (8,107,0.8001400174750142) (113,57,0.818806353984998) (92,115,0.8467031202781901) 
(96,10,0.8508420006757325) (110,30,0.7672970850535568) (86,114,0.8764125543080462) (1,76,0.7882548766284869) (70,119,0.9156834579191976) (107,119,0.9050015589629957) (59,104,0.835854340066384) (53,8,0.9474443838992694) (32,55,0.9368926129945859) (35,14,0.827230890706388) (25,50,0.7786673409137428) (95,44,0.7671897262902087) (15,57,0.826919726465971) (2,30,0.827313917534238) (89,61,0.7862662796495065) (47,79,0.9479916883919548) (4,58,0.8088033636684119) (46,22,0.9341396152853423) (9,56,0.876805584488306) (32,22,0.8054054801004848) 
(112,114,0.9048724956850093) (61,98,0.8896503952634036) (57,8,0.8146774402043715) (93,33,0.9062949534657445) (68,23,0.8592101796673277) (9,108,0.8058495542311763) (58,49,0.940872279276931) (31,85,0.8936067498457679) (94,113,0.8765962928444263) (88,34,0.9369739673061195) (54,102,0.8311959021683494) (98,66,0.8944379267963228) (14,70,0.9087229793869387) (108,114,0.7649770481772585) (106,50,0.8836186536553723) (68,90,0.8551385993084638) (49,50,0.9381435533771032) (87,85,0.8177711104023514) (72,13,0.7741305921487076) (74,9,0.910493818826647) 
(51,96,0.9000253297506426) (96,119,0.8195295901389376) (35,10,0.8671199096205782) (94,20,0.8243553913839021) (48,96,0.9102844209031572) (77,35,0.8720868425853392) (14,66,0.76685329114002) (38,39,0.790713903446829) (76,11,0.9107840085515843) (26,115,0.7845402675212567) (14,114,0.9155244810895816) (74,51,0.8367347424037849) (79,116,0.7777066004540513) (82,89,0.8696390367123483) (31,27,0.9424892307026177) (55,110,0.8511206452539523) (85,108,0.8181087155852659) (54,27,0.8329338417421371) (115,90,0.9446855857940872) (68,11,0.8852608971828386) 
(58,65,0.7845673821723455) (36,112,0.7715893036772512) (104,35,0.857078451651451) (47,67,0.8676128242670762) (12,67,0.8253500515059012) (113,102,0.9387457893152344) (86,80,0.8250844528301876) (74,58,0.8761276060519906) (93,10,0.9136957057173694) (110,75,0.9319934342590267) (4,25,0.930724083826034) (49,75,0.8755643465331009) (1,50,0.8882436630460967) (49,60,0.7903875820384629) (22,10,0.8833425845032802) (64,33,0.7975533134429916) (41,13,0.7898976885481512) (72,71,0.871005644567301) (40,108,0.9071722558192897) (35,102,0.9081477050392462) 
(69,7,0.7563705144134991) (36,100,0.7806036473762964) (30,108,0.7702341784504463) (59,25,0.837205930982903) (70,75,0.8282434742138931) (25,107,0.9061927017166962) (84,65,0.9143041359477648) (56,46,0.8699541616471556) (82,29,0.8099530026749934) (70,33,0.8805958676023193) (1,13,0.8574321257823867) (40,9,0.8512549095232527) (82,64,0.8881957219567018) (7,27,0.9192544310459912) (89,73,0.9286590933815408) (2,58,0.9409994445829744) (101,31,0.9269366887640254) (13,21,0.753526926486748) (25,101,0.798161865052541) (91,36,0.8440158613140816) 
(44,65,0.8309526732728074) (18,41,0.8054257743469293) (3,102,0.7848296978955138) (42,108,0.7622446549020491) (10,88,0.9337440788542108) (98,64,0.7636198403545089) (107,99,0.7909636904120618) (100,88,0.8918671169088089) (98,49,0.8877559837389144) (81,115,0.8951086654699526) (8,52,0.7517873462882374) (21,87,0.8920004325356409) (88,45,0.820506804402223) (29,81,0.8533881219777375) (60,29,0.7940615771211885) (56,100,0.7828277472518897) (14,82,0.9253315992380348) (118,36,0.776206802795801) (53,116,0.8987340987939507) (12,66,0.9095270936362576) 
(42,89,0.7527050320639248) (27,41,0.9240652661902589) (69,113,0.850858354448045) (75,39,0.7988950906155313) (53,101,0.8310147895198631) (62,14,0.8263114163846941) (95,69,0.896118601193481) (15,29,0.8751080185914604) (21,18,0.9322742776917812) (61,33,0.9130808907395024) (32,81,0.9326230946380775) (70,87,0.918330007040555) (65,82,0.8903227956530074) (66,108,0.8851147191343518) (31,94,0.9327057337864462) (87,40,0.825343012140328) (40,74,0.8966533343529042) (45,102,0.8235955242670794) (110,106,0.9090484969320675) (101,119,0.8622222859648837) 
(62,50,0.869096542234997) (24,37,0.8675937054045493) (20,36,0.7870866599653805) (111,20,0.8920105439773094) (110,16,0.7972489133824948) (109,64,0.8432391450005651) (6,42,0.8818087928861554) (25,2,0.9442575429638016) (78,36,0.7523724646978265) (8,69,0.7868000842675623) (69,90,0.8073923257249142) (44,107,0.7936742884082997) (23,54,0.8537835716278099) (112,52,0.8337498893375839) (56,65,0.8022431654563232) (81,114,0.8288835686773056) (88,79,0.8825181881621411) (71,41,0.8218245193291572) (68,39,0.8139997812668608) (70,6,0.7975604602682378) 
(59,57,0.7997122810827813) (37,116,0.9035350455236384) (74,93,0.9078073624622098) (21,8,0.8973840837519943) (70,33,0.94553691059193) (28,116,0.8567700075941299) (98,54,0.7914865499081415) (20,116,0.7925664165159491) (73,88,0.8518172878850052) (52,6,0.8223270285226949) (6,109,0.8670610298644409) (17,92,0.9022747017796308) (54,102,0.9435571556296078) (51,87,0.8512266460297523) (89,19,0.8551101097270236) (9,90,0.7997236976630382) (28,76,0.806178578396171) (37,33,0.8123898337370965) (45,27,0.888252908568686) (37,73,0.9031338751005746) 
(87,10,0.8556701702798523) (49,90,0.8239593234046537) (33,105,0.897263843502007) (52,70,0.7795282234889606) (0,91,0.7791405355101073) (43,37,0.7718470684038441) (78,12,0.753099409153748) (0,69,0.8700083453399441) (62,46,0.8438998222365564) (116,56,0.8642038366788561) (75,40,0.8958561043854205) (12,49,0.8260597573465283) (113,38,0.8995846480679798) (69,38,0.8043847452252164) (60,119,0.8189862028440408) (48,107,0.8683555042438907) (35,81,0.9411223700330642) (54,37,0.7755364423928681) (11,45,0.803412721062527) (9,51,0.8448826726935161) 
(90,12,0.8354812815719582) (68,81,0.8202276783858719) (91,108,0.7595699860042795) (111,10,0.8779075211023414) (31,1,0.9253347200438267) (59,75,0.9331937819048755) (3,100,0.8038977056451336) (73,41,0.828195362409129) (61,48,0.7982396682691308) (112,27,0.75910134360077) (54,4,0.8133039060774218) (119,112,0.8948298126915285) (57,63,0.8113791877906247) (73,80,0.7993948258249011) (39,27,0.8363534392903772) (73,118,0.8337904219679118) (43,47,0.9344100009928581) (40,28,0.8109054508795648) (93,109,0.8614628597357176) (84,117,0.8965306222579936) 
(43,54,0.9074441588597778) (3,115,0.7648112092042049) (69,11,0.8805374824545327) (98,42,0.7564578637785431) (51,89,0.8981793675863219) (103,18,0.9164726395043785) (10,33,0.8658469253682333) (21,47,0.8984320708387256) (103,42,0.9139815985136233) (53,32,0.8498336714618335) (37,39,0.7856938054712661) (114,88,0.9034322331412251) (24,67,0.8919710098540397) (11,96,0.7914981623507793) (74,21,0.8306024793324674) (90,115,0.8883933631026244) (27,63,0.888370412065144) (14,54,0.9413782277743125) (78,1,0.9283327936694978) (30,94,0.8559995940030168) 
(8,0,0.7927260218913241) (25,44,0.8913008119800118) (110,29,0.7673073895926291) (75,62,0.7619545764777336) (106,93,0.8127501292586529) (109,12,0.822623887165201) (34,51,0.7979237152311491) (107,87,0.9094156900315565) (96,35,0.8463211080928971) (74,80,0.8757791372254327) (6,10,0.8102580635912632) (95,76,0.9259784621194209) (2,80,0.797926723954141) (90,30,0.7632739373164176) (35,97,0.7694248035489092) (21,1,0.77632306333833) (51,64,0.8272840795861809) (8,52,0.8645202197477213) (108,75,0.7763397287947165) (110,65,0.9128356373875337) 
(8,102,0.7694423453083306) (104,35,0.861240099638704) (35,96,0.9123678489624579) (92,4,0.7636991261351513) (14,119,0.8478778962082272) (112,91,0.7667168690877068) (114,13,0.7547627268735414) (45,72,0.8440413006269483) (88,102,0.7801843267083433) (4,86,0.8117958440036808) (95,78,0.9484349096981604) (28,5,0.8941930752809379) (102,113,0.8418063951716638) (56,76,0.9319045901875941) (16,78,0.7767621468971131) (44,3,0.9357346040440422) (67,53,0.80673694034928) (90,72,0.851605109737074) (25,85,0.7574930496513891) (13,31,0.9377627723433709) 
(24,78,0.9498213845696462) (110,70,0.9266253053119393) (82,67,0.7725926177853509) (98,55,0.7625744980679466) (15,91,0.794888127550054) (93,107,0.9130908245450096) (85,29,0.7988994851744602) (64,40,0.8931335264516665) (31,96,0.7631912109865637) (41,49,0.7528680694383854) (58,26,0.8852593723836789) (100,63,0.76186683290368) (33,44,0.8565956182769515) (36,40,0.9499456203367149) (79,83,0.7958553032101966) (105,76,0.8200795704266319) (104,13,0.9183942207837125) (116,46,0.9094088599062471) (51,46,0.7790112272339) (73,56,0.8002299490978239) 
(91,97,0.7874152546931857) (117,92,0.7943794132595297) (41,27,0.851901555303824) (0,89,0.8802073378773095) (92,60,0.8216259095405245) (33,66,0.8435006650836714) (32,75,0.9021012290660586) (58,27,0.9452726723079632) (95,46,0.9284735916523529) (101,97,0.9169759175111323) (93,43,0.8593708087240187) (27,108,0.8402490379663616) (56,7,0.7893810771624983) (105,99,0.8384453330235278) (103,64,0.822545540218419) (54,55,0.9179994693733383) (83,89,0.8104985828666729) (93,8,0.8012540973346525) (108,55,0.7663214090734851) (5,16,0.9043462528316664) 
(104,19,0.868289512135147) (44,7,0.9451436112756538) (92,79,0.90337695516782) (102,86,0.7580148846569336) (83,85,0.9104878192058331) (44,95,0.8112032000798292) (10,101,0.8856567035074757) (5,40,0.85580044948579) (11,16,0.9331036231457008) (112,54,0.7964061456489406) (13,32,0.7825277809413782) (98,39,0.7615748200351365) (89,100,0.8226738229159046) (30,110,0.8512660774260316) (100,69,0.7715625502388103) (83,97,0.8885679122231205) (59,74,0.8175981031570592) (83,41,0.8021175117715378) (26,106,0.8621040640188772) (48,92,0.7638486266349063) 
(15,11,0.8922402531661993) (28,116,0.940002386132766) (98,39,0.9417494773161078) (114,48,0.796586520404618) (69,17,0.9270210943490295) (18,53,0.9190327783899839) (91,64,0.7837218938509762) (7,114,0.9123938704073034) (50,93,0.8739549654234698) (82,38,0.7856637994705578) (37,48,0.7720652044742917) (100,26,0.9439684802913616) (41,45,0.8370233542787174) (64,60,0.8439339473396359) (88,9,0.8409005801730719) (86,112,0.8129287968070233) (64,114,0.9148047260106793) (22,83,0.8004718274880082) (33,8,0.787980383058592) (76,10,0.8590583170576251) 
(53,92,0.9228066033735862) (72,65,0.9113079558608898) (116,115,0.944159497999592) (4,47,0.8271928019860779) (115,14,0.9014020372681605) (31,46,0.7995345689649062) (70,64,0.7789032435495677) (118,16,0.7634663824246825) (97,18,0.9132799856974114) (67,110,0.8045450830297537) (96,98,0.9010501081474052) (48,49,0.9498117574321978) (6,96,0.7892973618666611) (32,34,0.8748767925907607) (70,68,0.8609833988130319) (108,51,0.8570170586432144) (119,92,0.9040293298682253) (1,38,0.9321366891229741) (64,12,0.8588977840758769) (32,117,0.7729723349222284) 
(54,12,0.9065267356164848) (27,18,0.864374374148553) (83,63,0.9278687595130009) (95,37,0.7741358455096188) (44,18,0.7873058380461391) (28,38,0.869803123908765) (91,18,0.8928579211343226) (115,42,0.7559098317306535) (28,30,0.8180744054800896) (103,112,0.8255873721501089) (81,41,0.9255034574618833) (90,112,0.914306230920164) (27,94,0.9335510224617151) (5,31,0.8004059403828492) (32,96,0.8391254641655251) (113,28,0.7981184575325818) (78,65,0.8973274617967522) (82,99,0.8704299589232948) (52,102,0.774154869970068) (103,30,0.8365231578696616) 
(49,98,0.7543260151303812) (114,55,0.8430629273366577) (100,63,0.8554285368652534) (53,114,0.91997013988934) (12,104,0.9261604446990329) (25,107,0.8702384132490787) (19,51,0.7771747044930615) (64,35,0.8096345286223116) (113,84,0.8760897647980185) (45,55,0.8871206200341235) (93,112,0.7812008802104177) (70,119,0.8424684507509476) (57,90,0.8696035556544398) (85,105,0.8416446683340225) (5,7,0.8517820292959785) (5,66,0.8019554141092083) (3,57,0.8244487552621502) (109,60,0.7801101858883404) (117,72,0.846711746457943) (7,44,0.9423694157670297) 
(26,36,0.9316554562799362) (11,103,0.7868218325839571) (103,8,0.8980243148683275) (119,25,0.8803435214828847) (16,85,0.8629823638821711) (5,117,0.8485341984604353) (79,1,0.8858087543395876) (28,53,0.8747085271206435) (118,45,0.9212649401900027) (84,106,0.8105577765531027) (52,65,0.7576757528687581) (81,39,0.7839863054180585) (26,39,0.7525388817396933) (30,93,0.8923904138560054) (100,74,0.8744213311995808) (118,47,0.8758330023394567) (58,13,0.8841498628136862) (0,91,0.830185819574015) (15,8,0.8243225014172431) (24,28,0.9117354292230536) 
(108,39,0.9349927888827724) (44,26,0.8001503624653743) (99,67,0.8148678121869452) (12,106,0.7577805775403905) (91,41,0.7510555284942857) (47,19,0.9054864981169589) (71,117,0.9462874563318239) (117,48,0.8877936240474923) (57,118,0.9321059774642311) (36,4,0.9186658198947267) (54,68,0.824990312607129) (110,13,0.8290818894177572) (64,52,0.7967342241340298) (65,106,0.8539240618970606) (115,53,0.885844410600579) (22,119,0.7725700356158126) (37,30,0.8067655549322075) (64,49,0.7729182684620644) (39,117,0.8486483311529845) (39,3,0.9352506724729984) 
(83,58,0.8861910901247418) (107,1,0.7713853510014359) (45,15,0.8656089896478205) (37,75,0.9274899379728341) (74,31,0.7692849447349477) (62,68,0.920316773895145) (111,89,0.9435398392949657) (36,65,0.9310890339857898) (16,119,0.910087876771891) (105,25,0.7671667224493723) (68,38,0.8122417136770299) (39,64,0.9120638736394102) (116,34,0.8165324187597522) (18,70,0.8051895985893199) (7,12,0.7684563141620835) (47,113,0.8520355745842702) (49,89,0.879243665822275) (119,116,0.8681051066607426) (95,98,0.8552411816101396) (45,82,0.9206908613119289) 
(96,64,0.8189633111504838) (37,66,0.891833795872519) (79,55,0.8040515767137748) (62,52,0.8781343937332782) (57,88,0.9125034130432755) (104,26,0.8435784380124363) (32,100,0.8901824981660428) (80,32,0.8381203839523563) (112,70,0.855885976358631) (93,73,0.7832723602065951) (87,13,0.7997671626208995) (42,72,0.9326898341002294) (23,62,0.8559047178212109) (11,39,0.9468951778089423) (54,68,0.8550696889642739) (88,17,0.8127233248766037) (26,87,0.8761655449229513) (94,16,0.9012836675517476) (6,54,0.8488105696345972) (57,108,0.9112849168654502) 
(100,40,0.8476738592005763) (95,96,0.8530909672090548) (66,39,0.7711256708718336) (79,11,0.8277327310570327) (107,52,0.8485032034528935) (32,13,0.8943514759062156) (106,37,0.8679381880336539) (101,108,0.9290293098091978) (23,92,0.7907692710190897) (19,69,0.7793304537334446) (113,11,0.8856933653273498) (95,70,0.7940848852590027) (77,114,0.9273842264173976) (41,87,0.9345558234070981) (99,51,0.8418066294725105) (109,100,0.9284662164729656) (21,66,0.9050094137403585) (84,114,0.9126980221268707) (88,82,0.8897967646398265) (73,103,0.9100661591222416) 
(66,30,0.787777454717176) (71,105,0.7669191943106953) (62,80,0.7913862620365928) (95,116,0.9348610997147794) (73,108,0.754926741502335) (4,64,0.8310944232290859) (26,91,0.7753238014285061) (106,86,0.837407927914285) (78,67,0.7544454586262933) (58,72,0.9327250874940398) (49,10,0.9152945427011443) (87,24,0.8850745931507651) (82,9,0.9098867172407373) (102,84,0.939890175076113) (77,46,0.757338762090293) (103,54,0.790902634522259) (80,60,0.8513895917849884) (100,75,0.9407311371576286) (95,102,0.8660675940500101) (108,24,0.9496532890882224) 
(47,83,0.9334757891828822) (78,115,0.7607223888871053) (64,69,0.8493396625092219) (18,53,0.912976078002772) (108,73,0.855240422822017) (73,9,0.8558690339221506) (85,35,0.9068669727394643) (87,63,0.9474773870133422) (31,45,0.7714375129038143) (9,93,0.8571652443374225) (13,58,0.9249100438845616) (118,58,0.7627459757520374) (58,26,0.8245793449439025) (1,4,0.829868486117851) (34,1,0.7605575125961014) (116,44,0.9412494239414171) (10,28,0.8039169023862034) (50,57,0.940428700859362) (28,38,0.8970067109565233) (17,22,0.835821715387803) 
(34,56,0.8435435211620955) (85,36,0.770650222726664) (87,80,0.9443151297925749) (92,80,0.8428895988282679) (115,64,0.9496725615768433) (15,108,0.8769965002072977) (27,82,0.897925195668544) (24,67,0.9064322618121403) (82,83,0.9416690155711916) (40,37,0.8952651642307069) (22,78,0.8643997510683051) (45,89,0.864533762914368) (73,54,0.8442836694113532) (47,15,0.8703166278917366) (86,98,0.758401562532676) (85,118,0.8598641784771456) (103,1,0.8519016628200604) (119,74,0.9381518448622653) (106,90,0.8125721511095911) (63,35,0.7572077275053257) 
(111,88,0.89637496234371) (68,0,0.8347193008066491) (48,115,0.9321028591556395) (78,41,0.7544290760272998) (73,35,0.7871453140269564) (45,95,0.9170714603343653) (66,87,0.941109980338408) (47,13,0.8167045806617005) (5,79,0.8260916760306745) (72,69,0.8374027573653109) (105,63,0.8060565150835619) (17,104,0.8415738976393509) (87,7,0.8077510887404362) (119,104,0.9276411266928147) (105,73,0.9154376898971525) (6,80,0.9057070169771555) (100,116,0.7608720752612871) (65,66,0.8547296869611258) (93,77,0.8019574769140888) (62,20,0.882920718492648) 
(8,34,0.7873502859850043) (106,48,0.8287299061474581) (42,58,0.7755124154686266) (27,17,0.8608906559558452) (50,32,0.8930045206141082) (59,62,0.7870267331372158) (9,112,0.9190246488948901) (32,41,0.8787985495283477) (73,65,0.909333824885892) (26,38,0.9060666268063398) (1,54,0.7811554471351811) (37,43,0.794756879609147) (53,91,0.8281106533394786) (15,71,0.8000442298794759) (90,41,0.9453589317347966) (84,82,0.7713198811363555) (95,9,0.9431503592325294) (26,75,0.8478479173912428) (1,51,0.7644274183572316) (109,110,0.7510275358548107) 
(112,102,0.8217892184330314) (19,63,0.8872926564548769) (7,32,0.8676128256884653) (88,6,0.7954777673330896) (8,40,0.8799434788710835) (115,51,0.848673097019943) (3,67,0.7744205019008931) (25,90,0.7584276687386321) (6,76,0.8576756347905993) (5,69,0.9406888377348442) (77,43,0.8237824933102872) (69,74,0.8573975756065702) (39,65,0.7697671878435216) (58,76,0.7959541064006916) (100,47,0.751417528368387) (25,78,0.9499426473911243) (28,91,0.7918398375931055) (11,79,0.8235219388247487) (114,118,0.8495174804469973) (54,15,0.8522006105877431) 
(25,30,0.9200997970782214) (16,96,0.7552709762082976) (19,31,0.8577388193210818) (11,69,0.8904585266128108) (115,25,0.8850906530094558) (75,96,0.8397408782680775) (26,105,0.7935600310987158) (50,8,0.8577361756881584) (24,32,0.849693517556934) (74,45,0.7605356214193398) (103,17,0.8883899670400331) (116,84,0.9212798106637621) (80,101,0.9487660241324581) (34,115,0.7756704442612345) (91,66,0.9247193153411849) (73,21,0.8929557165870481) (37,81,0.9065878390942096) (73,108,0.9075563160363636) (77,46,0.8685406025365934) (64,61,0.7546024684009355) 
(44,79,0.9433986355624401) (118,94,0.8019650877508571) (14,59,0.7552805607734562) (96,42,0.9133229746296629) (80,29,0.8527589285029588) (108,13,0.8812211904842809) (95,11,0.786302545631823) (43,54,0.8143549338701769) (0,80,0.9447350162125661) (81,46,0.7903322083435061) (92,49,0.8565858815771471) (118,108,0.8707318779710421) (4,115,0.7956565800828879) (5,54,0.8701222429094235) (23,104,0.7715621015065404) (16,77,0.828620726738497) (23,16,0.8558090792069227) (83,103,0.9039257588038458) (9,1,0.7597264909468431) (112,26,0.8967718746506932) 
(96,75,0.8059822367793836) (27,100,0.8791287302396578) (32,44,0.930647805674828) (81,33,0.933086299847876) (68,18,0.8748075206722851) (72,82,0.8047306115344176) (23,108,0.9348186199075185) (83,118,0.8066114339904589) (50,102,0.7753871185221941) (99,96,0.7563699108820376) (43,85,0.7663146954685265) (59,98,0.8793102731928739) (109,104,0.7993548573853523) (66,50,0.7860789443347929) (106,44,0.8776614514267531) (100,9,0.8786594592446396) (42,29,0.8706348942651524) (116,105,0.7895815928033088) (3,81,0.812252998555601) (37,54,0.91320595042455) 
(80,67,0.8527685531385002) (101,66,0.8237241015389297) (69,9,0.8880213067441309) (118,1,0.7597003317930365) (75,18,0.8399714682807041) (105,86,0.841829451497489) (68,43,0.872681236103063) (112,94,0.8839615473999589) (41,110,0.9103352434727531) (25,7,0.8787874320122544) (35,106,0.7849810132207043) (6,15,0.8142388316901628) (11,61,0.8390321685424924) (62,103,0.8500216035484243) (47,32,0.8864366990002868) (57,103,0.8916361093950425) (60,96,0.8324158490212294) (115,20,0.9424798992805581) (56,1,0.8416059171797806) (81,101,0.8713217609619611) 
(52,64,0.8975904084269922) (108,14,0.8325880674348917) (87,59,0.8764877099210469) (92,85,0.8719219409822488) (54,102,0.828452969290947) (111,5,0.76635694740192) (107,104,0.8077158874928826) (72,5,0.8532807159031175) (76,85,0.9336606261290961) (25,14,0.7558341954923148) (27,44,0.818079481978902) (5,69,0.8556091555399019) (23,72,0.9004851158354849) (118,96,0.9173097592736359) (96,30,0.7895350020892244) (106,116,0.7543713515248773) (94,61,0.8793550382362627) (78,17,0.9401081229950027) (22,67,0.8718503302362225) (15,53,0.846616761146199) 
(75,12,0.8050572957663545) (89,63,0.8799582593469377) (5,88,0.8760518423347718) (21,24,0.7752538786377021) (110,33,0.8010044188935466) (56,92,0.8511213186141838) (56,58,0.8693213121251105) (72,26,0.8242954710469209) (75,74,0.8515125358160399) (88,106,0.9298267177299041) (48,106,0.8442943068869057) (30,113,0.8457927395256801) (44,26,0.8072874639253173) (47,106,0.8577150501002349) (81,21,0.8655506899854204) (119,18,0.9400854100035408) (43,45,0.907063639022646) (99,23,0.8617489152674869) (48,113,0.766755699310437) (69,61,0.8146576816969405) 
(47,76,0.8244313144394441) (79,12,0.9317803262177533) (87,78,0.7740710949027457) (118,108,0.8842884429032452) (101,73,0.9036707216459863) (65,30,0.7853841589646195) (56,24,0.9014342714822866) (12,86,0.7822520363208632) (57,117,0.9193782501958192) (11,39,0.924644311920201) (45,107,0.9166980320954708) (63,9,0.9275834313917342) (27,58,0.9309522319868592) (99,12,0.8360291132095737) (1,10,0.9200749213240935) (65,17,0.8672917855511978) (9,111,0.8412219547068011) (1,4,0.8482936828853483) (113,111,0.7960065305241748) (67,75,0.8606842271960665) 
(93,102,0.8570543128677802) (59,9,0.9028314280024164) (22,13,0.7834078929729933) (30,50,0.7742224007620307) (57,21,0.8853555267958194) (98,11,0.7802801621452371) (95,113,0.8249981400108111) (60,78,0.9412119931207935) (11,88,0.8729011732455381) (98,48,0.9064208279299801) (1,63,0.8478019256601462) (45,62,0.8618491901113365) (24,98,0.8856540163761273) (93,16,0.7980774683505131) (75,84,0.7966036594495564) (85,45,0.9053957269968368) (62,94,0.8872022850836395) (51,77,0.7507271709200959) (22,104,0.9382951128118351) (0,27,0.8631038281670926) 
(97,105,0.7839314832846367) (116,7,0.8154512235890072) (95,21,0.8796323211370047) (55,64,0.7603283456678724) (33,92,0.8120007643719581) (99,115,0.8511224119800207) (107,17,0.9290880522521673) (94,72,0.7699380320786381) (12,13,0.7757672380925743) (36,11,0.7513589711574983) (47,75,0.8132320369610033) (19,78,0.8135802086692192) (103,69,0.7996756353198884) (115,102,0.8713351302241452) (30,113,0.8237431776012212) (58,100,0.9105083058497386) (82,40,0.8008111305152759) (63,85,0.8701551046748653) (100,115,0.9211308447483093) (5,117,0.9396609048150583) 
(79,73,0.759523037916118) (87,63,0.9401570526406631) (47,32,0.8882699142365997) (23,115,0.8040206186582022) (16,48,0.7618196556313078) (26,22,0.9036349653480609) (79,11,0.7810037425143572) (94,26,0.9034774731783675) (84,11,0.8417885771438826) (23,40,0.8799330821174512) (60,88,0.9275136767605107) (100,112,0.8730036858007703) (100,47,0.8219389661594177) (41,101,0.751700040882281) (36,56,0.7556434863313065) (75,99,0.9272411846210638) (23,111,0.8882358285468287) (30,45,0.756000496490116) (26,71,0.8312195601208021) (30,58,0.9450597778196055) 