(39,5,0.9431911463084646) (48,18,0.7965581873710502) (9,31,0.9179933554625525) (17,56,0.8444462293094527) (5,8,0.917391015823811) (68,36,0.8946020774535564) (41,78,0.7647249672420185) (59,55,0.7899712005367889) (56,8,0.93162161064346) (77,70,0.8613373487574247) (14,51,0.9407402528592006) (63,39,0.8331740903620202) (25,57,0.8769131773991893) (23,54,0.7568746811446044) (39,3,0.8026312925069975) (29,76,0.9404401118585958) (39,6,0.839412197829378) (62,51,0.7791109234551781) (45,44,0.8359072859623771) (72,79,0.8063302591153156) 
(19,57,0.8025336473129278) (41,37,0.8267370400055163) (45,18,0.7826481694956146) (55,72,0.9404826431061934) (12,11,0.7652712975737921) (64,28,0.881343705215712) (25,14,0.8702791671845578) (62,27,0.8390596766572151) (55,47,0.8394098261204069) (18,42,0.9189475557996277) (62,56,0.9056305774546533) (4,69,0.9293314176226107) (62,34,0.8939151376440454) (47,59,0.8873097253336917) (18,25,0.8488035675896302) (42,19,0.9357593846408686) (79,72,0.8955196667681808) (77,34,0.8187662291395559) (32,57,0.874362916290054) (53,70,0.840418554917888) 
(63,77,0.8219103498565606) (45,66,0.8322798694539884) (71,25,0.8696580233928107) (59,24,0.8657602678818925) (5,75,0.8940797178822908) (25,23,0.8210991318131304) (32,2,0.7817703628091646) (37,42,0.7593684984279212) (60,45,0.8015192522203534) (59,4,0.9457552376159032) (36,43,0.867610600291067) (69,56,0.7767087516508241) (73,33,0.8696394787861715) (4,74,0.8361626254434008) (66,69,0.8622144148448605) (47,12,0.9346016533603551) (27,21,0.9301118333756418) (0,22,0.9276089793015461) (53,72,0.818918516811785) (41,14,0.9375368596367281) 
(25,7,0.8163980643112243) (5,55,0.8486059100199779) (41,77,0.765764803370387) (1,54,0.8981141958804228) (39,33,0.9081408066367664) (50,39,0.9061499511113602) (19,13,0.7795646572515905) (30,0,0.8022960482007697) (5,40,0.8458062758343972) (35,5,0.9086612346257089) (11,13,0.8249676462052595) (53,44,0.7509053851928341) (64,10,0.9430470717444996) (44,34,0.904846134214402) (17,12,0.8503002892799368) (44,77,0.8399256094127555) (49,66,0.9052410129687243) (30,68,0.8804654708041626) (46,63,0.7604275313596787) (15,65,0.7869819112097198) 
(42,21,0.7826738563551886) (19,39,0.8167035042821937) (19,18,0.7824116694907685) (13,64,0.9101074316838558) (72,44,0.9432819733479116) (13,17,0.912592902685922) (43,36,0.8134033690412983) (56,72,0.7621891740840772) (17,69,0.8888623082652664) (3,27,0.7598707443899595) (22,14,0.8877125035088381) (31,73,0.8532885518619957) (54,18,0.7953905879025913) (50,72,0.92437620199583) (58,17,0.8372675236973833) (17,12,0.790834867550519) (38,34,0.7511493934874224) (29,12,0.7967829600126477) (73,63,0.7764582574789632) (11,72,0.9155129432558353) 
(27,25,0.8549915650140917) (22,8,0.9298040306697315) (52,47,0.8336438114149305) (49,55,0.8819526276290552) (4,76,0.814428184394876) (0,30,0.8104009489295272) (5,73,0.8384634032276305) (0,16,0.7875446472539662) (34,3,0.872366625924) (7,26,0.8107595240824259) (29,59,0.9224215877706604) (45,0,0.8488718972828819) (74,11,0.8510145579997463) (40,10,0.8076315164131209) (5,9,0.8810877863943467) (45,22,0.7685267073531674) (10,62,0.8027411592212313) (12,24,0.7803999735655728) (64,1,0.7861774759265581) (1,7,0.9489117562051637) 
(22,52,0.856650967786911) (78,72,0.9074589474668749) (77,18,0.9221486348800081) (62,28,0.8932725485554152) (13,36,0.8520536404350464) (27,57,0.8618360987105435) (57,18,0.9077930645481451) (1,41,0.8452746207536194) (7,24,0.8341829486930762) (45,49,0.7925500583808464) (48,51,0.7727749564406386) (8,67,0.7925886174649698) (34,70,0.8989160120036377) (51,38,0.8677888691319474) (8,4,0.9320318351423453) (58,72,0.9295119460675594) (45,16,0.8678119914586135) (5,13,0.7532227664354593) (7,2,0.8617414025433613) (73,17,0.7899865064743046) 
(58,60,0.8613951963275773) (6,48,0.8396604232969983) (62,33,0.9425301355115517) (23,66,0.9210901715359616) (21,31,0.7727429573847406) (43,71,0.7507789989693402) (48,69,0.9345569842181112) (49,68,0.9056728290405812) (72,37,0.8267214287867138) (40,14,0.7636324559239701) (30,71,0.8016945594176532) (67,72,0.9451376150526426) (33,75,0.7809168556657805) (10,14,0.8143985025212752) (72,6,0.8918059242533709) (67,57,0.862242899614246) (10,27,0.7992371153063869) (69,1,0.7957702382973044) (75,11,0.8389328923241537) (79,61,0.819704402803512) 
(63,14,0.7974401277200052) (58,61,0.8331424675753868) (34,64,0.9305091873482259) (27,34,0.8506654275329497) (57,49,0.7774757378575796) (65,79,0.8801920296455183) (79,23,0.8487414733119885) (29,45,0.8469264877546697) (53,73,0.8155938419913477) (65,42,0.8777473529515964) (21,36,0.896193496897961) (6,7,0.778239671761775) (50,21,0.8520831739927374) (70,39,0.7583723941999766) (6,15,0.7931597717201768) (31,26,0.9117172095607001) (74,26,0.764658546145222) (8,22,0.8180789196673579) (11,55,0.8649457294387675) (31,56,0.7832712100623603) 
(67,26,0.8646811445457286) (17,40,0.7979370875027058) (9,79,0.8746839154386333) (66,15,0.8243254872235364) (13,58,0.8762199473242737) (7,32,0.771659474621818) (71,16,0.8792474372377714) (24,28,0.7816923468759303) (46,55,0.906316061592519) (63,64,0.7894705639719162) (33,15,0.7620937503978817) (8,67,0.8901306040670662) (30,56,0.8165416810427166) (63,67,0.7743433867269516) (18,15,0.7852351568300948) (70,17,0.9499151361078356) (55,56,0.9427423133273631) (45,31,0.8138763509762288) (65,33,0.7609834666648876) (55,60,0.785184966552585) 
(63,11,0.8017286135285366) (37,48,0.8397400464338067) (0,33,0.7988207499466119) (48,78,0.8238907522192646) (57,38,0.9147248690040705) (69,30,0.7871265571139772) (34,41,0.7745862615236018) (23,11,0.8272227590291041) (43,21,0.9457659697120688) (29,42,0.8060274418551929) (44,61,0.9404702298685077) (22,73,0.7957982772926544) (54,53,0.767804572766666) (11,51,0.789923245949248) (38,75,0.9401201443497853) (73,34,0.8964683263727506) (62,17,0.8836610322654982) (61,47,0.8518710173156935) (40,29,0.9305039254443672) (7,75,0.9032590815127526) 
(19,3,0.9066736328528476) (0,66,0.9494293360873567) (7,15,0.9280686468884004) (79,14,0.8987264419468175) (75,41,0.7734957702565145) (41,18,0.8767422829614917) (18,50,0.9243939124745495) (31,2,0.9121523077221945) (27,28,0.7681109973231459) (61,32,0.7598560552935115) (9,62,0.8204862679357738) (49,51,0.9242795357034581) (26,21,0.9242719791682251) (4,20,0.7877868501258847) (67,49,0.8556528982415803) (28,35,0.9030810983845959) (16,54,0.9301518652815632) (36,25,0.8602866870275305) (71,20,0.8452140661854519) (28,61,0.768554923952288) 
(59,26,0.8032883098057768) (16,29,0.8015624873658974) (53,29,0.8685021772285385) (52,73,0.8001339134052978) (51,53,0.7900345135270972) (3,11,0.8385846526095979) (76,53,0.8481883570642701) (77,74,0.8732102343298078) (14,11,0.7657131729949755) (16,24,0.7550096508687898) (15,74,0.7923269892937829) (7,2,0.9285356735273702) (34,49,0.9300445470077966) (20,28,0.7981388400652486) (6,78,0.7890004134523448) (49,54,0.8475534372315523) (58,5,0.7717184273708044) (54,39,0.9332419952379818) (68,75,0.8088269711429512) (8,65,0.8979109059149843) 
(59,64,0.7614516799129292) (47,38,0.8357051295015571) (18,1,0.9150895681869661) (15,0,0.8835932249216388) (29,23,0.9065022615156076) (34,79,0.9164319393368527) (66,68,0.884810709632269) (33,40,0.9493644647848112) (17,22,0.8734483092142574) (32,34,0.8962344269462119) (41,21,0.8234862825656597) (22,72,0.8237296194810652) (52,46,0.8757226701255223) (9,53,0.8246422826287204) (2,43,0.7820409954854205) (32,0,0.8536574300343504) (68,23,0.7551974448770986) (26,56,0.803036915324264) (15,65,0.8370235977164322) (72,3,0.9219396663676281) 
(17,73,0.9232860529272178) (65,8,0.9241353982308205) (40,26,0.7841964937943183) (36,7,0.7954110028502853) (47,66,0.8474047147907046) (76,68,0.786324077543642) (14,40,0.7665890574230148) (17,24,0.941493109310444) (16,50,0.8801955735716931) (77,23,0.7616151394841736) (74,37,0.801584296438329) (8,44,0.8085208898624618) (54,24,0.8002875306260055) (9,44,0.8558137227660618) (54,2,0.8008112892153639) (11,28,0.7568126363244682) (34,30,0.8526011534312459) (72,56,0.8078722981642112) (36,56,0.8251561993083) (15,34,0.8996917847179582) 
(47,40,0.8644092004229261) (39,16,0.8882887958885755) (18,8,0.8511934767820305) (65,47,0.9212791867463435) (31,48,0.751606868688698) (79,12,0.9400802023888634) (3,22,0.7697174822681131) (54,20,0.9371387457522413) (63,53,0.9192227144655717) (5,36,0.9441081408045833) (3,66,0.8208500754868852) (41,59,0.9115471498591514) (56,39,0.8769025170494302) (33,59,0.7895978879966705) (9,74,0.9140941914272127) (20,18,0.9452886154816005) (41,37,0.8706053952652647) (32,72,0.8163121093459681) (53,23,0.9212608871304464) (37,59,0.9188669320678595) 
(24,50,0.8990993531798206) (1,54,0.8340319942444527) (63,73,0.9036618358086072) (70,61,0.7645721810115891) (50,76,0.7723653766524047) (69,72,0.9107129952170134) (49,44,0.8137931565033248) (20,15,0.8612681059149644) (58,72,0.7890179917775352) (19,9,0.9332708149016782) (16,10,0.8599947163071493) (24,36,0.9387597490078673) (5,71,0.9322295567380895) (14,13,0.8622151890275187) (49,65,0.8002822008483105) (36,47,0.8992830764064453) (10,70,0.7691200914691164) (63,41,0.9497163269348334) (32,12,0.8343467587450698) (22,38,0.7882478807837627) 
(17,78,0.8407764032471595) (68,38,0.7979682221850841) (58,52,0.9477368002644306) (6,68,0.8001763246105236) (38,10,0.8962339146680092) (48,34,0.809118448425834) (43,20,0.9044656209836532) (5,1,0.8972237023646488) (9,71,0.8673924040134677) (60,61,0.8129774376863588) (37,33,0.7765282359849865) (2,48,0.8455502476165164) (77,18,0.8130473763854041) (46,67,0.8340882513703282) (44,65,0.9441623858974213) (67,68,0.8735961227376892) (75,40,0.8582678822301298) (69,77,0.7531055688943215) (71,11,0.8798811689435023) (74,29,0.8643862214294838) 
(72,61,0.8566453916060578) (31,48,0.8077780895868288) (8,71,0.7982274911455803) (40,69,0.784672204076473) (17,9,0.7885602486733401) (58,32,0.90858928445738) (70,37,0.9426636954217784) (14,24,0.7799341534208418) (14,41,0.9233577256703298) (37,14,0.9199104279628862) (41,65,0.8223190284097558) (67,47,0.7940089496677283) (12,11,0.7841241085365503) (51,76,0.7794541538888239) (72,77,0.8203956114356975) (0,78,0.8608864417550345) (39,74,0.8099027769551734) (1,79,0.7658357307258779) (77,38,0.7736051359288966) (68,48,0.9172190289524675) 
(25,20,0.8906308334849853) (42,6,0.7523722254065115) (29,75,0.8883815418196055) (10,48,0.8465322503276406) (1,28,0.8317111061094303) (4,69,0.9322198693071003) (50,10,0.9256412705705106) (49,13,0.7589613137808509) (48,36,0.7914677714993311) (26,75,0.9193355924520711) (1,7,0.9335258216531994) (77,65,0.8658331484075789) (12,76,0.8810965351364815) (8,44,0.8806665795395756) (4,20,0.9435590504519494) (70,16,0.8222141426371937) (56,35,0.8648048694326378) (73,26,0.7948761178370775) (73,6,0.8159342925169101) (6,15,0.7979663263677406) 
(71,56,0.8866361053735521) (44,79,0.8345478351997678) (57,55,0.8092363240774191) (79,4,0.918027795172907) (40,6,0.9012072977085269) (73,13,0.8525890738139387) (25,79,0.9454456551871431) (24,20,0.810856694407411) (50,29,0.8302094429930296) (20,42,0.9334330915763283) (75,60,0.8448883029634191) (57,77,0.8578380624675596) (3,57,0.7594141259257218) (46,22,0.7929625400866832) (9,20,0.9266402045272548) (15,50,0.8849392129575426) (20,54,0.903186210501506) (68,49,0.752712583077751) (79,33,0.8433530416672071) (58,47,0.9154072819461971) 
(35,71,0.9363440657866069) (71,79,0.8302290102006923) (11,58,0.8752346108198912) (75,65,0.7630263617578602) (68,2,0.8358119921457023) (7,79,0.8287818746197052) (64,31,0.7803730198908363) (61,14,0.913007188537095) (49,61,0.8440888625922396) (19,20,0.771651648388349) (9,2,0.8107165886543882) (26,60,0.810835836363764) (31,43,0.9390607251488694) (45,31,0.845543008602499) (68,14,0.8155676826166072) (1,22,0.872708249693119) (30,59,0.8885974534063903) (4,46,0.8166462552422435) (8,45,0.8865669620748452) (52,41,0.8406058020978933) 
(23,8,0.8201072969629072) (38,53,0.8556022163286046) (17,20,0.7641237760820626) (3,23,0.864576649530484) (25,74,0.8699385677388112) (21,13,0.9263417696177507) (20,15,0.920566595268137) (48,23,0.9209745806629805) (21,16,0.8466124735043604) (48,34,0.8244838438000704) (56,78,0.794373453116038) (44,72,0.8784506589375624) (67,74,0.8334344002671601) (63,7,0.8247731660363385) (65,79,0.8011531493320143) (11,67,0.8137947195397436) (64,60,0.8030077011623706) (53,26,0.8747450885197809) (60,69,0.8239010350684519) (39,49,0.8679911266152722) 
(40,66,0.858495101002579) (23,10,0.771050868980736) (71,10,0.8694430034413753) (59,24,0.8277032355075782) (23,54,0.7755763240171535) (12,19,0.8074226314564675) (74,30,0.7923922239859615) (20,31,0.9402214141455731) (14,10,0.9222904969383208) (66,61,0.8905203370871241) (55,44,0.9129370979471081) (64,51,0.7993055109866678) (42,32,0.9451930968303573) (79,5,0.8562914446473018) (67,71,0.9103809467938927) (59,43,0.8795029037665214) (57,25,0.81690300883933) (33,65,0.881833254856324) (55,71,0.9439226905470947) (58,73,0.9131217530627117) 
(53,73,0.9269850425402691) (74,6,0.9192523265568352) (56,7,0.819923566861202) (43,47,0.9164133964328954) (6,33,0.8015298144493258) (31,14,0.8458020750468663) (10,3,0.8589086668177855) (5,24,0.8795539945853538) (52,12,0.89304842087322) (6,18,0.9054833856118902) (74,13,0.7602759947581774) (41,48,0.9278241114023764) (28,49,0.7698796646820578) (56,9,0.7944878226928017) (15,28,0.8474861915309628) (7,29,0.8212873353393432) (22,65,0.8642675754628936) (7,42,0.8366897270820299) (48,25,0.8107871788957122) (77,32,0.7650564961412372) 
(27,58,0.8935910502688232) (55,39,0.9250260337813416) (29,24,0.7937735156147742) (6,65,0.8948281132093104) (9,77,0.9464885196987485) (0,23,0.9080197605021654) (4,29,0.8635212027897206) (59,49,0.8212578771319637) (33,42,0.8702092571807074) (59,26,0.8948179680132299) (60,79,0.8535847030608138) (79,20,0.7809011263860706) (38,62,0.8988974555824579) (39,25,0.7960049125772091) (44,56,0.8967919503234291) (27,14,0.8013954474477485) (53,35,0.8495806401990471) (33,19,0.8778624515770518) (14,77,0.860152992236972) (3,77,0.8405485566915943) 
(22,3,0.8965675641071565) (6,27,0.9434111133394935) (27,71,0.8530639748983248) (58,3,0.9348716384380333) (70,16,0.767824232099566) (24,1,0.7991399416779013) (30,57,0.7983325662944927) (12,33,0.8736997584136735) (5,2,0.7866885549015287) (63,47,0.858752391162379) (79,19,0.9408387990723543) (78,72,0.8498835057748102) (3,52,0.8149433793213737) (77,65,0.8818657246462732) (10,16,0.7980028740657055) (44,36,0.9011073593927559) (20,40,0.9343784125860325) (18,53,0.9029683228135863) (52,48,0.8599296043391325) (77,24,0.8811612498666349) 
(19,75,0.7917545895941324) (71,40,0.9095635886709924) (41,48,0.7611284224849987) (55,23,0.8971454215779564) (19,15,0.8013367327631812) (14,20,0.8324688812052907) (37,40,0.8897558381936393) (44,64,0.8323866729061858) (19,0,0.8391554773256742) (31,11,0.8653695339483843) (60,68,0.8311192018992223) (36,61,0.902975248826958) (37,61,0.9268997821764267) (28,69,0.9334288959400429) (63,22,0.9093767559538521) (24,53,0.7565409663620043) (23,6,0.8807263085541222) (33,37,0.7948847044224777) (73,15,0.8647628452989994) (57,39,0.9429677839668328) 
(23,40,0.9376465461193177) (10,48,0.8756906689975293) (2,60,0.7720410713353404) (22,20,0.7984287163902624) (11,55,0.8805355305367725) (10,66,0.9267272254664034) (34,58,0.8558929231864848) (54,2,0.9311743394754508) (0,72,0.8397046773163711) (3,0,0.8002856679950276) (69,2,0.7620691167371917) (3,25,0.91087391601887) (38,39,0.9339706390361096) (16,28,0.9153133961829488) (79,21,0.8841732498183621) (74,56,0.8670223704660837) (40,71,0.8128330490299143) (44,75,0.8201399011658284) (3,5,0.7804752796548462) (8,4,0.9344226470262196) 
(74,68,0.7617992203676529) (56,63,0.9253026095868716) (58,67,0.7758681751421367) (54,50,0.8582784972946255) (37,78,0.9402188919095036) (31,25,0.8709021223411966) (19,26,0.7899129246302226) (1,39,0.8929426765389219) (34,56,0.7636384144724382) (67,71,0.8452468134120908) (11,40,0.8395649128467654) (54,10,0.8192805154242875) (37,29,0.9330330697866889) (74,63,0.9245147802551279) (24,16,0.7602037889515234) (34,4,0.8819985944689844) (76,32,0.7672478216919161) (75,68,0.8994950182711249) (5,44,0.8454929595392698) (4,44,0.8827003523176351) 
(25,36,0.9099744939837769) (63,48,0.9073081344001007) (48,20,0.7738103565289833) (55,69,0.8931799808524926) (12,51,0.938043574456188) (8,18,0.9249908477541893) (17,40,0.9012097837512016) (36,17,0.7610742690343145) (41,6,0.8774821214105688) (41,58,0.7939589104955255) (48,8,0.9079694202773336) (55,20,0.8576165283359879) (54,55,0.877838877618677) (20,47,0.8617655934608432) (15,14,0.9116201070539812) (50,66,0.9136217454183864) (76,7,0.8125930208291977) (36,29,0.9423279792368089) (32,68,0.8443621240954069) (23,13,0.8374304365006752) 
(23,64,0.9303524374760199) (1,6,0.8240096656525066) (68,61,0.8975338196800672) (3,31,0.9339831783669581) (26,8,0.8026536232104273) (69,61,0.8474226218842078) (60,23,0.9486139818203797) (69,16,0.7830816202242747) (25,17,0.8032881103858888) (30,28,0.8228720221767236) (57,3,0.8213542361502053) (21,32,0.8513808176709367) (73,77,0.8346490406961262) (1,29,0.8301430938372145) (67,53,0.9486667688139981) (23,58,0.8398393601419046) (47,39,0.8892767446518726) (32,74,0.8496264854002277) (59,27,0.7775423207400423) (78,0,0.9452566512883402) 
(10,0,0.9474865216627237) (0,25,0.8560050181960084) (43,66,0.8714730142824355) (18,77,0.9289657359438581) (75,74,0.8300527054143028) (78,24,0.843116720132239) (62,78,0.8066296130719871) (2,16,0.9135544324887959) (54,55,0.8797920753967814) (52,44,0.8494975145823133) (75,68,0.8933669176013153) (36,41,0.7584201526800273) (1,33,0.7779514165690801) (31,64,0.8375494343576164) (67,73,0.7824954928423318) (52,24,0.9036411181581778) (73,7,0.7856163833856016) (37,43,0.8112552263993817) (30,34,0.8093777789231562) (34,68,0.7961211520589727) 
(42,26,0.9438052607569153) (44,66,0.9354709063405713) (52,39,0.8915749748892043) (57,67,0.8018694493367491) (9,4,0.8552602727366575) (57,7,0.7707257945218629) (58,22,0.8252315034897073) (55,69,0.8667482687993964) (10,36,0.8456557486265248) (1,60,0.7935520078791705) (14,75,0.7922206979237325) (54,21,0.8057839938108021) (1,13,0.7820940286655089) (33,13,0.7915034673836664) (62,3,0.941912312284051) (0,71,0.8782286619310132) (77,19,0.7878357659999136) (45,79,0.9107915694108447) (60,11,0.9048343346992164) (24,2,0.912670318295412) 
(47,2,0.8701354955801276) (59,28,0.7559586884713356) (58,46,0.8163302302989993) (38,45,0.8888460187055737) (29,39,0.8399058088858736) (11,25,0.8654880337629504) (59,21,0.8396983360519717) (16,18,0.896731452269812) (2,11,0.8576198907572761) (36,35,0.9488022164886655) (45,18,0.9384515585504734) (73,66,0.851093115015056) (18,33,0.8701986050469336) (36,56,0.8747338273408272) (20,49,0.8390772935980466) (1,68,0.825830052909637) (65,20,0.8658921896154325) (65,57,0.8966221893009749) (63,40,0.8429341619482824) (67,7,0.8533003003764705) 
(43,1,0.7725262594784121) (66,62,0.8262796348611405) (62,78,0.913114154376734) (46,6,0.8140043327915867) (73,17,0.8747179100742376) (52,34,0.8425027793107583) (41,25,0.8999781340669757) (62,34,0.8848911567042077) (41,30,0.8893023388014265) (53,69,0.8247153110173113) (69,56,0.8505751331281706) (71,45,0.862503839712897) (42,1,0.832552475134477) (37,46,0.8983913347281738) (76,50,0.9315643974199258) (8,32,0.8845657523076862) (36,18,0.9054230336663253) (65,9,0.7584771282028051) (0,22,0.7849005906980278) (5,9,0.9348873093674951) 
(58,2,0.8705301673726997) (33,78,0.8953815761100413) (56,6,0.8210119349690541) (56,66,0.8187396568459056) (70,49,0.9054776166553252) (33,4,0.7657322424018546) (43,72,0.8121391115614373) (22,66,0.7646600475746393) (43,4,0.9496258761063896) (19,4,0.8184257745634153) (56,19,0.7653446101291196) (4,21,0.904043594319025) (33,73,0.9465305713596673) (26,11,0.8669686993359753) (46,36,0.8400301176887153) (8,48,0.912772782320753) (71,3,0.7933022787617683) (7,19,0.9313036111871252) (13,30,0.8894655049602895) (57,78,0.7949450294929651) 
(60,4,0.8535672073658955) (74,22,0.7659898575070329) (67,19,0.787832409490045) (51,7,0.9099004963123797) (62,66,0.8538329012899144) (75,4,0.8203024211337474) (72,48,0.9356799298512097) (38,29,0.8133154263874178) (47,30,0.8751784611682125) (77,72,0.9070903751270448) (50,75,0.8698874962754727) (66,29,0.8955869068564216) (45,74,0.7852042433603647) (8,12,0.8782081164988419) (79,32,0.8674092549083314) (33,61,0.7805673634513527) (60,76,0.7947812735345496) (25,64,0.7796442696164076) (9,56,0.8598560626365725) (67,62,0.8130351985231808) 
(66,49,0.8243104574559795) (73,61,0.9210751348371702) (58,62,0.7620243497099595) (45,35,0.8865713971128392) (39,4,0.8692335144646982) (63,6,0.9359096560432486) (33,15,0.9291113362672192) (44,40,0.8945052545427714) (57,68,0.7952207036886254) (52,8,0.8074990151784438) (73,42,0.885054396465687) (21,29,0.7558937085692117) (69,34,0.8323157270829611) (63,78,0.7833292310596928) (48,5,0.8755699462213458) (63,12,0.8025010157147967) (79,69,0.797309769136942) (12,8,0.9068125336722141) (39,37,0.8449188535519023) (16,62,0.9159305073750573) 
(73,55,0.9319827206410021) (14,74,0.8227627292976358) (4,46,0.7582071518259734) (45,2,0.8248815435018878) (4,72,0.9005377083808745) (72,23,0.8555466321295242) (49,65,0.7637615741170882) (45,51,0.9294623237641377) (35,43,0.8637740034122064) (11,22,0.8791997317848245) (55,61,0.7983645230516561) (58,38,0.763078907377521) (17,15,0.8008404476340085) (27,47,0.7934404129238352) (26,6,0.8826370964527399) (40,68,0.9417612981775624) (38,63,0.7812133163341007) (45,48,0.9019793479474212) (15,47,0.810768345349321) (32,51,0.8053943063464725) 
(70,6,0.9458990400166303) (68,56,0.8845002191867886) (0,57,0.8716300967860064) (32,67,0.7623943485575062) (74,18,0.9291302371653773) (14,50,0.7502889563631933) (10,64,0.9221040841507224) (25,11,0.8186904977850855) (70,38,0.7696495908589803) (46,50,0.80642636731236) (22,5,0.8023285155911342) (42,15,0.7561554948268154) (78,9,0.755851585707449) (60,30,0.9048186160347239) (41,24,0.8801310321741997) (17,31,0.8451746612017733) (67,54,0.8060711695319289) (78,19,0.937869143389062) (18,44,0.8416888412200776) (68,8,0.9177552489589956) 
(11,47,0.8707405259247712) (24,53,0.7738072366930632) (58,75,0.7880373821504925) (3,30,0.9004518575216921) (30,42,0.8186972081084404) (53,55,0.8869585071435515) (37,42,0.805535618422925) (43,20,0.8202415591627354) (20,72,0.9164119264049602) (2,11,0.8849622310851847) (1,36,0.7514914923625516) (50,68,0.9359597218899828) (59,54,0.8839323753267565) (53,12,0.9011984113860863) (64,55,0.9330836758331038) (54,29,0.8578620715274783) (72,67,0.8327223770018021) (27,55,0.8954559999391577) (12,11,0.8223771958224728) (71,62,0.8037641288881503) 
(45,43,0.8293715380247576) (29,51,0.8387875537965299) (63,47,0.7688477879575005) (23,24,0.8799210087134828) (21,25,0.7907433165407072) (10,76,0.8967287558622825) (77,18,0.8518462791631641) (38,59,0.7950900396478656) (24,44,0.7784484637179856) (53,18,0.926835598608845) (79,15,0.7726483930058131) (10,75,0.8161555096842535) (58,7,0.9464738790736262) (11,72,0.9245106687087659) (7,59,0.7954354403074001) (44,54,0.8946794946865175) (71,46,0.7713194074178193) (2,78,0.9081983444762797) (8,38,0.8831907894911223) (53,75,0.912743327239584) 
(39,67,0.7968741567102722) (51,46,0.9320863003468162) (38,57,0.750004253336605) (77,20,0.9317665124134629) (69,70,0.7613595575123888) (72,20,0.9002502490314904) (9,75,0.8887863594631346) (16,48,0.8230956822290242) (61,46,0.822760670066138) (75,65,0.8084480974595994) (61,50,0.9181071296021149) (59,29,0.8385016926096373) (63,45,0.7658519564414878) (30,35,0.8259748526403058) (28,5,0.8039402840336313) (61,17,0.9092957029481722) (33,18,0.8407162017484555) (75,78,0.817486834348478) (2,61,0.8490580907974765) (24,3,0.8857590636952664) 
(48,10,0.8576511144642959) (77,21,0.8221914485553894) (74,3,0.8315163246587729) (45,30,0.7949731479479589) (46,43,0.9028224365076297) (14,46,0.8695564879170601) (29,26,0.8467711032863612) (1,50,0.9175374796008634) (66,62,0.9056631585399639) (69,72,0.9048359569926364) (69,76,0.9490499067865252) (77,19,0.8284532612273202) (25,17,0.9125835566286495) (50,2,0.7895343563070917) (34,61,0.8877643452467168) (21,76,0.7931825736653171) (2,9,0.9433900257550247) (59,3,0.7752833037143166) (63,9,0.8348639888491616) (71,60,0.8423998524529888) 
(8,76,0.8168425903388289) (67,69,0.8735208121079177) (73,12,0.9465605184343797) (9,78,0.8426897100525189) (31,76,0.8392318437333561) (23,5,0.9375073609814013) (7,21,0.8785595754249989) (67,23,0.8063808594355049) (0,23,0.8145444029165287) (69,44,0.8822409977830753) (57,20,0.824716627273423) (18,24,0.7921422888031542) (59,52,0.7668351668402191) (18,3,0.900002627310654) (19,56,0.783719717763352) (49,5,0.781838198090313) (24,39,0.7794338874986416) (7,51,0.9120004568832335) (57,73,0.8274669568336955) (76,30,0.7696417632324009) 
(16,55,0.8175596669195133) (24,20,0.7827513714778472) (14,34,0.8086298503443969) (64,47,0.8848489616779562) (40,52,0.8340615011398433) (15,11,0.8381841743387897) (68,23,0.7946384617151929) (71,6,0.7804316578651649) (24,15,0.8167045783803295) (30,27,0.8428185320954411) (53,34,0.7986620695939911) (77,28,0.9012452263047489) (26,1,0.8901572941758845) (53,29,0.8056278650348623) (32,34,0.7615384522202878) (33,73,0.9390765852941649) (58,50,0.825795812212395) (27,32,0.8602376180019691) (16,76,0.865601025815447) (4,58,0.7562687184485568) 
(57,19,0.7543370020024645) (21,60,0.8172141500923996) (73,7,0.8288412761617309) (45,53,0.9042905391187526) (78,36,0.9154655833745532) (57,30,0.781588979526846) (43,47,0.8571299881245131) (45,64,0.8374741163192584) (67,77,0.8522466441017267) (60,75,0.8744507776961692) (23,77,0.9042687043478836) (5,36,0.9095211255987957) (34,19,0.8079744280632798) (45,23,0.9483661914488456) (37,2,0.8799314082251023) (34,1,0.9114200926337146) (19,73,0.8360033994326184) (58,8,0.7904983178618716) (46,76,0.8317678672542765) (67,40,0.7534261842002258) 
(29,51,0.8397685304432163) (50,7,0.8972343219888218) (36,66,0.8089183435699634) (74,71,0.9264509407964573) (6,39,0.898709298338399) (44,22,0.7633591026285065) (19,47,0.7950804262468102) (71,5,0.9396102671203916) (4,53,0.8944534469232971) (66,26,0.7966313802402475) (32,4,0.7621940691706127) (63,74,0.781209025370806) (56,7,0.8118660145510631) (75,23,0.8214737351124796) (35,56,0.9208737478152551) (70,79,0.9430665579334294) (56,22,0.8318840936493895) (50,21,0.8972534033593098) (53,5,0.8279738920981626) (45,17,0.912827003129971) 
(4,71,0.8882263769840439) (22,32,0.8500112900550963) (52,23,0.9305728674137044) (61,25,0.7758808645295252) (29,61,0.8528844542978559) (34,11,0.9107541271378956) (30,54,0.8257268887241875) (35,10,0.8651518178861045) (40,55,0.9059251110698244) (20,8,0.8843477790234919) (77,33,0.928122094528361) (28,75,0.8968735710043474) (38,29,0.8092810885770437) (76,63,0.9162098872211811) (15,71,0.8132882832782321) (37,0,0.7536311591878518) (24,44,0.8924225961400474) (32,75,0.9082209310524558) (16,4,0.755751277179872) (23,75,0.9362135670717264) 
(31,71,0.856322855064509) (10,67,0.9120051420790608) (35,13,0.9122245203204241) (73,59,0.8216919476478739) (64,5,0.7798948682551158) (45,76,0.9495898072026225) (4,21,0.7841180721689746) (78,73,0.781718995358892) (18,14,0.82138170282099) (55,30,0.9162064301149799) (18,12,0.9390275750375032) (23,27,0.813609203172281) (78,4,0.9486778111913232) (55,17,0.8840070558750847) (54,26,0.9395382668705771) (24,41,0.8124563747376882) (50,69,0.9454915139047644) (32,36,0.8442052319257118) (73,51,0.8069125507211088) (10,46,0.84460113422762) 
(19,58,0.8059608505543586) (56,22,0.7678564538997934) (38,49,0.7980401597497874) (3,38,0.7924758139740882) (23,36,0.8895941085307653) (16,23,0.8955527484858467) (3,15,0.8706833294240764) (77,72,0.8773625692992802) (33,70,0.9319211415686327) (56,74,0.7563626241651216) (1,68,0.8383675987956252) (20,68,0.835897459586314) (15,63,0.946056370216224) (14,77,0.8111636224882406) (5,56,0.9162729137391086) (49,14,0.8022545960583365) (36,15,0.9395177331810857) (79,13,0.8213373938865652) (39,11,0.9319193840032933) (5,15,0.8848095802841736) 
(20,75,0.8220579149329655) (60,6,0.8052438182162407) (38,1,0.7610542651321848) (11,27,0.8056686167818768) (14,19,0.870160625319775) (16,64,0.9388659045254106) (17,45,0.8037675393947832) (59,68,0.9408821781669773) (62,4,0.8856047720069231) (0,32,0.7618000830860606) (38,68,0.7962269271422621) (71,54,0.7994729766229308) (61,26,0.8764840644055385) (45,0,0.8519617827777719) (72,8,0.9110836067007674) (70,78,0.8327630300011943) (60,17,0.8980304502868404) (59,73,0.8187209322992084) (16,19,0.8450189614532715) (22,31,0.8667103236783273) 
(14,4,0.9198544775132463) (76,66,0.8262812022587529) (71,22,0.8481701298115335) (10,39,0.8917217465693366) (6,60,0.9465554068020141) (10,51,0.913713301966797) (37,36,0.7622837163067374) (50,10,0.8150996385924852) (10,21,0.8353001108535637) (23,76,0.7539317208806207) (6,37,0.9317587506580156) (78,50,0.8614048633097864) (53,73,0.790409646661733) (2,38,0.9047849671650919) (28,69,0.9365282490314053) (20,33,0.7933149542081106) (15,57,0.8090129780607553) (76,14,0.8169422899626723) (60,65,0.8492728176162249) (12,17,0.8714822116495962) 
(45,59,0.7781952533975115) (74,77,0.8747507457500048) (37,33,0.7911550604617191) (26,27,0.8984502247166226) (26,12,0.9405593682540694) (34,11,0.8393054132841221) (6,8,0.8301460179725344) (11,44,0.9416861922886255) (67,32,0.7547978456630416) (78,52,0.8365187597177015) (23,12,0.9248056734444893) (4,29,0.909493704116002) (13,54,0.853891136482275) (10,75,0.8378184356503008) (65,28,0.8920834774668666) (26,9,0.8456023956726147) (53,17,0.9189903431804344) (13,4,0.8642341012575676) (62,12,0.7649955664044695) (34,22,0.9216078392884556) 
(9,27,0.7738510401481264) (78,67,0.9320129524172414) (70,29,0.8655238155109862) (20,59,0.8234001053547239) (73,70,0.9420691608829084) (66,7,0.9361785720724503) (72,53,0.9198058222602853) (29,77,0.9250671833998567) (26,70,0.7744700773620032) (58,76,0.8602488487178893) (79,13,0.9317969575433501) (0,18,0.9349630841287268) (74,46,0.896062025555065) (72,44,0.8837577908767058) (32,6,0.7706489132977359) (28,74,0.8454666402832661) (77,59,0.7927054056039639) (24,38,0.8784622766578307) (0,16,0.8181087298986408) (52,48,0.795903844547283) 
(72,29,0.7872074776920231) (66,25,0.7533655013042114) (45,67,0.8353259093161363) (51,10,0.8507343569075901) (44,68,0.8703155183472157) (44,60,0.8158358802069906) (50,71,0.835687487515438) (68,5,0.7872272704884444) (74,63,0.8595267381345729) (1,17,0.8971183257015183) (37,32,0.8296963395309472) (23,31,0.9426499923601974) (8,12,0.8317072026756889) (0,19,0.8159097911936485) (10,74,0.7793566151359759) (9,31,0.833423748671668) (69,45,0.8053343378902895) (49,60,0.9370483431547174) (19,77,0.8891187451161456) (44,79,0.8615862290454831) 
(56,1,0.8163808847305598) (72,40,0.8710594161524778) (61,51,0.9152252400951036) (75,25,0.8974380157575537) (53,51,0.8538306347444008) (3,63,0.8961030220788082) (12,56,0.7664686069106937) (46,2,0.7710596419460383) (60,10,0.7964533543693469) (16,69,0.7658564725230782) (75,59,0.9036230776729548) (68,26,0.9380276311145826) (39,37,0.8655343790244222) (76,18,0.8125799693420754) (2,22,0.930421985414659) (52,41,0.8553282398503277) (32,14,0.7512805018668862) (10,47,0.9470005280713255) (62,25,0.8516303438913769) (25,49,0.9089586865678997) 
(22,9,0.8558832162902322) (55,12,0.8855949934518443) (40,50,0.7864713938629441) (7,13,0.8865181930822467) (18,52,0.7826545725955611) (50,11,0.9094645387073973) (43,8,0.8168035899322904) (14,46,0.9345577635320503) (61,53,0.9020739190669893) (50,25,0.924436366409458) (34,27,0.9366657627609363) (20,62,0.8515490417548162) (45,27,0.9417677590172274) (16,56,0.8851259809351166) (39,1,0.8514939612598824) (12,79,0.7573921007842376) (6,4,0.8488162268940047) (20,46,0.8773824172122818) (42,70,0.9115890915251247) (46,26,0.9214049890706331) 
(57,65,0.8974264849349516) (78,7,0.9373319452029952) (67,18,0.7522009247845741) (69,67,0.7600029181006711) (51,72,0.9211020424746466) (6,53,0.9450464479251679) (22,57,0.8269854477632255) (7,79,0.939470975339594) (67,34,0.8188472618514779) (18,30,0.9342951444242099) (51,4,0.7791627864825592) (18,2,0.9373907304844986) (6,46,0.8654906869784647) (44,61,0.9004693483760375) (6,4,0.9108552589688814) (10,31,0.8756152042625349) (32,47,0.8302939726919631) (30,12,0.7869344027035112) (78,30,0.8240172688017372) (28,57,0.880843053737263) 
(58,15,0.8327969845167599) (71,64,0.7980828207117139) (76,12,0.770406581995076) (57,3,0.8770535975467456) (60,24,0.7528095250571715) (67,7,0.8360841904150998) (40,77,0.9030786150930874) (13,17,0.8175445330333967) (41,4,0.8920107579627692) (43,79,0.7570778893032138) (15,79,0.8562219348677974) (27,0,0.907007101152888) (66,17,0.858421679028301) (17,75,0.8147011503736509) (77,26,0.8555180914245767) (64,51,0.7734032480728691) (19,34,0.8548949567085664) (75,5,0.7931437383253863) (1,61,0.892113928265) (59,3,0.9180035674447974) 
(6,5,0.8926676982373907) (53,12,0.923618922077886) (55,16,0.7864843737093818) (68,24,0.9220475567320117) (29,19,0.9235643685231579) (37,0,0.7903747017264158) (65,42,0.8776703576851548) (76,12,0.9094840653050623) (79,43,0.9311156254241479) (62,79,0.7847651012465566) (60,61,0.7943107416339551) (66,15,0.8898690377717646) (57,33,0.8418395337210552) (24,74,0.8043958561631206) (16,10,0.756458358184105) (72,56,0.9304764986666683) (19,25,0.8180578730487089) (39,5,0.8719585337949072) (20,12,0.7792567948391449) (35,74,0.8239334159398733) 
(65,38,0.8247559399703307) (45,39,0.8737322017374677) (70,49,0.7789459027087563) (59,2,0.7896486719865958) (45,27,0.900233384749579) (11,52,0.7858618417519714) (9,20,0.9395855147622185) (42,2,0.8716975615737926) (4,26,0.7526764464064742) (79,46,0.7957458214117961) (65,73,0.8858187605164832) (62,9,0.9168996645451385) (35,9,0.8257225298682548) (10,74,0.9276531846854433) (37,52,0.8353541082504761) (78,60,0.894959703749412) (78,48,0.9275975523315296) (76,55,0.7937403173287548) (37,44,0.9147404563232713) (47,16,0.9460850884166992) 
(25,35,0.9212052245400072) (16,33,0.7979164371752085) (68,23,0.8523241247032017) (76,65,0.8832865758795456) (53,65,0.8457824069068745) (64,25,0.9259350447139408) (64,53,0.8311557359528263) (42,63,0.948486676133798) (8,16,0.9331097581664094) (2,66,0.8524252414696651) (14,41,0.9129124890252724) (50,3,0.803030378878469) (60,52,0.8517371680356356) (44,7,0.8060156568337148) (31,52,0.926810722125883) (77,27,0.9249053314468811) (62,58,0.7928330195088504) (38,36,0.9370216055691645) (64,76,0.9336229467660696) (44,16,0.8964051336561175) 
(20,33,0.8973132108097759) (35,10,0.7516035002937654) (55,52,0.8148242730149776) (17,61,0.9399413818384383) (16,22,0.9415857948819863) (45,61,0.8123746250037596) (45,41,0.7681237442009787) (4,3,0.8490160615673109) (29,64,0.8928659366308603) (48,36,0.8043454064173092) (36,31,0.8525880677739591) (10,52,0.8589384982758103) (73,14,0.9370515202055306) (30,63,0.8798843658980358) (65,78,0.8151563283214395) (19,55,0.9270566615971436) (79,54,0.7642743189975956) (6,27,0.9498007486902321) (65,38,0.8413734723684421) (28,64,0.9244141911226915) 
(1,48,0.7904342097747573) (60,21,0.8264364099850847) (36,48,0.8587710215863518) (31,49,0.8666165583161549) (11,28,0.8315718092539642) (78,71,0.9026663787518069) (28,66,0.8765893318178167) (11,77,0.7682458611107537) (13,78,0.7942527530214119) (36,46,0.8775750659318136) (55,22,0.9262366440234532) (31,45,0.7889811757280031) (54,44,0.8912105476348494) (16,9,0.7731953911935988) (69,41,0.865868543447182) (53,48,0.9449304834211221) (51,52,0.9052436362962479) (32,22,0.8292862792060447) (52,72,0.8384421216556212) (50,72,0.8775404883421539) 
(78,69,0.8593927331739953) (45,74,0.9113125700854922) (10,6,0.794338220354184) (30,26,0.8092685552040738) (25,66,0.8495364723015641) (44,64,0.8338676667941554) (13,21,0.814956454380284) (17,26,0.7808856939609141) (51,60,0.9411262806173163) (41,72,0.810788856073934) (22,51,0.8884736266999015) (12,67,0.9220217122563481) (26,73,0.8573982075029862) (66,75,0.7931807984717194) (66,49,0.75272904578372) (27,12,0.803619781969071) (26,16,0.817945626237385) (66,19,0.8646978071005293) (11,7,0.8484717762308648) (16,13,0.9171351225687424) 
(41,21,0.7807600710910658) (49,33,0.8436732651624522) (59,44,0.7646062987316075) (41,65,0.7828728715943376) (66,11,0.8481060378983641) (69,22,0.8150099344199206) (61,2,0.942442902630839) (46,44,0.8505707349473547) (11,38,0.8498759189791493) (48,72,0.8082162275881719) (66,3,0.8605305169699019) (39,50,0.7583761495440513) (26,54,0.8361266909992483) (76,18,0.8952506658554691) (75,61,0.8822767473724604) (33,8,0.8360353282590821) (9,37,0.7942862782470612) (65,43,0.7512790660184888) (41,8,0.9060256210119086) (15,58,0.7524743246325188) 
(41,36,0.8557230657011317) (71,11,0.8872580097773545) (44,23,0.8630386300504398) (34,15,0.7638968166635711) (38,76,0.8204477985386731) (73,23,0.8440090352433077) (40,31,0.8800927384891112) (75,6,0.80115717213022) (19,44,0.7525478413485642) (36,20,0.9385536249603825) (18,14,0.9377548754760741) (1,33,0.9150362551826448) (48,77,0.7955457676464609) (62,28,0.7884889143728687) (31,76,0.7788404117134623) (70,36,0.8656913663073348) (8,4,0.8591851289958844) (62,59,0.7702072241363251) (37,65,0.7981800247200126) (73,35,0.9262562487998799) 
(60,49,0.8066020997129066) (27,51,0.8381993948626926) (56,18,0.8307414066544409) (67,58,0.7922996630702941) (11,25,0.9438591992676543) (34,9,0.8351382320748248) (51,34,0.8167941289378509) (21,30,0.9430291853553866) (27,14,0.9487413317348703) (53,39,0.7877972353884731) (19,0,0.8876002947408204) (3,74,0.9114864341120062) (55,1,0.8570598242841103) (28,34,0.9447202061261251) (4,11,0.8884484191902214) (30,13,0.8884662166878503) (20,45,0.7624845952508221) (31,78,0.8731894289812274) (12,35,0.8289589420744342) (38,54,0.9232511329210609) 
(34,65,0.9084949302591195) (70,9,0.802769933551965) (75,40,0.8018949775357402) (60,40,0.9434846771820522) (42,27,0.7533657553381818) (45,26,0.7678965224531178) (38,59,0.9115661359375968) (7,46,0.8569435022537828) (2,46,0.8096507900445948) (22,69,0.7581310998555837) (17,28,0.8226519858320185) (76,78,0.8210707295840962) (24,69,0.8975901938119475) (27,10,0.8801436878833736) (71,4,0.8762927089999485) (53,19,0.9439706408983881) (66,24,0.8250864714955877) (59,51,0.9304211059503442) (49,21,0.7924753011565517) (33,78,0.7872372379854564) 
(12,58,0.8148918620192571) (19,32,0.8480409785032298) (42,34,0.8528230867564135) (48,23,0.8683273377016548) (33,61,0.9459021836415877) (37,11,0.9498986585855328) (31,70,0.7995947847727372) (36,12,0.752004416777483) (60,19,0.7625903340638562) (5,18,0.77782270186305) (4,78,0.8615977815271066) (45,58,0.9369728162857933) (58,48,0.923372889753138) (39,37,0.8369119312202675) (64,60,0.920182475802529) (48,13,0.8843705487428136) (9,78,0.882837363027005) (59,46,0.7742826183042605) (10,30,0.9494829121975543) (43,16,0.7522076499290387) 
(31,78,0.7585419624177885) (70,24,0.9293007934943354) (6,31,0.919492212651385) (13,63,0.7500440880241828) (51,53,0.9383209177779129) (4,1,0.849811406726601) (37,4,0.8768495303384912) (18,66,0.8608142434198642) (14,56,0.8975192197977281) (75,4,0.7974210309875799) (61,32,0.7543761756489138) (52,12,0.9004923032055178) (62,6,0.7798147162936065) (66,41,0.8555961430222898) (25,22,0.7620605338605673) (15,44,0.7933865458044518) (10,28,0.8880675003928782) (59,52,0.8234085772287758) (20,48,0.895576914115417) (78,22,0.8482662418671191) 
(24,60,0.7970030253897047) (9,2,0.8128871812551499) (11,61,0.7569398433957708) (73,70,0.8077407155427634) (46,68,0.759634355550175) (74,1,0.7729635500599825) (64,0,0.9218636913136621) (1,34,0.8948683892787098) (62,2,0.8916863030544484) (78,68,0.9460531659693516) (47,37,0.9298457454816946) (11,20,0.9019005722164362) (2,63,0.8957984281436937) (74,45,0.7873752280889317) (27,52,0.8535847233819122) (37,50,0.8390749438801148) (5,8,0.8585375136937105) (55,67,0.7743413460474746) (39,3,0.7629696169139084) (78,71,0.9394013778581181) 
(44,74,0.8294566345934078) (71,76,0.9020563358715491) (47,57,0.8490953519282809) (15,48,0.8598520615741823) (6,58,0.8547642790044679) (64,44,0.8891092107196643) (40,69,0.8888729447060537) (34,44,0.829072199628997) (47,8,0.9113294327124267) (75,70,0.9472661451252381) (7,69,0.8663626312431766) (24,51,0.9052760627822798) (54,67,0.7564184796795396) (76,65,0.7954438030018439) (25,38,0.7805192417922218) (70,32,0.7558241375314158) (27,41,0.8652955687095298) (63,78,0.8460661477171278) (69,25,0.9312707421212785) (36,53,0.9070589803193914) 
(67,42,0.9014785111660054) (14,6,0.9193840222611722) (31,15,0.9094285962740845) (29,33,0.8397275967921657) (9,34,0.8814482187094511) (29,43,0.8580425333868653) (64,59,0.8889567000255649) (37,25,0.9343306263307983) (21,39,0.9409765524482635) (11,52,0.7559441755631547) (49,16,0.9126424506950643) (21,48,0.9231495021422575) (3,79,0.7503318466754051) (58,30,0.8242769220845847) (4,42,0.7844669428713081) (30,52,0.8315677291849537) (6,7,0.9438045817416074) (16,64,0.9263441213384005) (70,60,0.8145313264369969) (40,32,0.8373389477827677) 
(67,30,0.8726301915269309) (45,58,0.7535166470831901) (1,48,0.9199255953338238) (69,57,0.8664429382787829) (51,15,0.898332475702284) (31,37,0.8226764773930673) (45,65,0.9254424223343928) (33,2,0.7631575749045059) (41,60,0.7613843657596826) (76,47,0.8318788959777715) (70,63,0.8883104731803447) (40,15,0.9380498058092452) (31,27,0.9097465967524982) (14,23,0.9342615308734963) (29,21,0.9119704160772346) (53,19,0.9405747629957517) (35,78,0.8456198440292684) (77,14,0.7800567284222095) (13,51,0.9326106968395084) (29,33,0.8209818130077221) 
(18,59,0.7536911103060702) (52,61,0.8253653287899507) (61,11,0.8043011203668523) (76,44,0.7835905886689167) (15,49,0.8872555955580037) (22,21,0.8867456731037274) (45,38,0.7858253728763698) (17,14,0.861994826093273) (74,24,0.8535602977186464) (71,23,0.8472234062652062) (42,34,0.7990743735446632) (26,69,0.85856909934789) (55,79,0.7819952211954124) (75,45,0.8575888308063052) (37,1,0.7920217312270015) (79,48,0.842212645151012) (15,8,0.8620732388734837) (70,1,0.9444377438769622) (64,77,0.7900369695993661) (65,50,0.8176932842439535) 
(12,38,0.803068912612103) (69,19,0.7564572407535515) (68,35,0.9021760925979588) (10,6,0.8810579372886784) (44,20,0.7542626950351368) (0,28,0.8687336156283112) (6,23,0.8238529146615741) (16,3,0.7653501298575178) (45,53,0.8790451996049108) (40,29,0.7576846327607161) (62,24,0.7666201455525609) (5,51,0.9062573034101771) (32,31,0.793138746039393) (44,17,0.9138547261071476) (30,52,0.9185998786411123) (17,23,0.79464967127897) (29,50,0.9188168756479889) (59,67,0.8570616178534768) (25,20,0.8501243962026558) (0,17,0.7822687821002916) 
(47,65,0.8934874059592813) (39,26,0.8464999817127882) (49,47,0.7970041241743874) (45,21,0.865855992286363) (71,14,0.8424876554656625) (70,18,0.8844931154151751) (13,36,0.8537883054362398) (12,72,0.8412401266983914) (69,44,0.9151768856387591) (73,72,0.7796438835962247) (36,49,0.7584012146923556) (35,55,0.8941797143470853) (56,22,0.8283925235107625) (40,8,0.8863960787491537) (37,21,0.8159449591811746) (7,19,0.8656148285078246) (4,67,0.89354340169384) (19,79,0.8365176399686871) (48,42,0.9158992157000181) (10,5,0.8667431911893947) 
(12,32,0.8909843138035192) (47,15,0.8431130994831232) (39,11,0.8035827522326564) (11,68,0.7558705665331427) (18,69,0.8665225411503167) (45,77,0.8064984218194367) (50,52,0.8306065740589029) (43,15,0.815407419850938) (10,56,0.8090828002671704) (26,44,0.9272907712252285) (26,36,0.812592721090397) (37,65,0.7570656540438431) (20,45,0.9247718161110902) (59,68,0.8080878688663437) (22,47,0.7567584013388949) (66,70,0.8410617761381199) (38,54,0.7977077755471327) (62,10,0.750841777505717) (60,70,0.8958635503890943) (64,10,0.8424414445104702) 
(29,74,0.9020060556232028) (74,72,0.9383281256681784) (25,6,0.915936522059832) (25,58,0.7508757317930831) (41,38,0.7619947180252101) (15,9,0.771889933777799) (10,76,0.7752539937602105) (49,22,0.9363398477221466) (6,65,0.7502636459048878) (40,7,0.8253591479671287) (3,73,0.8679271796410762) (56,15,0.8874402547252577) (12,77,0.9365056896810628) (52,63,0.9161053176454493) (35,3,0.9288118293811686) (69,37,0.7890934169451519) (19,70,0.7972343165137177) (61,73,0.8698268542516092) (66,71,0.8426500976858533) (19,29,0.9011982923256128) 
(38,44,0.8159006651376264) (47,48,0.7746177338933985) (26,69,0.8799041072643281) (63,32,0.8131261393635424) (28,13,0.8614803864662962) (27,18,0.9253250760100779) (51,55,0.7944753270176791) (23,56,0.7940114016963008) (78,64,0.9116197787809233) (68,0,0.8736885456783634) (66,55,0.8776154022876762) (38,27,0.8768627474964619) (41,19,0.9387335189217075) (30,9,0.9418028285417441) (78,46,0.9118702578267697) (26,5,0.9046369552721693) (64,74,0.7604991183757538) (32,26,0.9002336791272824) (24,64,0.8937145850136238) (25,17,0.8117593096619241) 
(78,64,0.771624478064893) (70,77,0.8871216593382425) (2,62,0.9442401306626245) (9,13,0.8449679030387212) (5,3,0.8293517088193) (25,5,0.9436644435405026) (8,24,0.8692290703604109) (29,50,0.8634236860126394) (47,38,0.9291709180400919) (45,38,0.8875060983385219) (72,13,0.9495720524656874) (54,52,0.9313371076347465) (19,12,0.9133862212288897) (76,77,0.8710480244261458) (57,13,0.8263017201900117) (68,5,0.7839210971131118) (2,23,0.9215300321142582) (77,37,0.7568997086163944) (76,11,0.9394495589610884) (33,15,0.8589551959691532) 
(12,54,0.8425553712556016) (14,65,0.8140226569598455) (75,54,0.8226158350297406) (9,42,0.8375264886482977) (40,53,0.9231326057472347) (76,13,0.9262813104278489) (72,35,0.7796341255892535) (34,6,0.8933524683747041) (57,30,0.8726958027478) (56,21,0.9454943967499728) (32,3,0.929876692454374) (2,47,0.7985298633824817) (37,7,0.7888283948428656) (18,68,0.8059505815969543) (12,58,0.9140020759845968) (70,13,0.875071861385353) (3,27,0.8442973021359559) (31,55,0.8005664262509329) (70,23,0.8816386299434564) (51,11,0.8962222817649563) 
(74,21,0.8381807859933327) (75,37,0.8767344537717496) (0,47,0.7503725835758555) (40,8,0.8493200395494169) (30,55,0.7892060712563225) (31,23,0.9193104257931554) (1,37,0.9118097987613333) (66,9,0.9350561399932102) (31,74,0.9427366832952941) (73,1,0.7970238159376012) (62,33,0.7801435584345827) (74,5,0.8035607579264448) (6,20,0.8746531435818927) (41,74,0.8907818875531993) (49,61,0.7904548932738464) (34,25,0.836761172342705) (43,34,0.9015878705487856) (74,68,0.7812617406867662) (29,41,0.9267707495661471) (8,45,0.9276518290801657) 
(76,45,0.8749196250758238) (22,73,0.9205059826277403) (78,6,0.8547415155407982) (29,51,0.7862564069537364) (76,63,0.7800767628546005) (37,76,0.8553365546342573) (48,70,0.9149931651423333) (79,62,0.9324701906350081) (18,37,0.8616348296754475) (69,16,0.8629991889573144) (44,40,0.9361873841013395) (23,56,0.9421046146430659) (11,41,0.7881937287842837) (7,38,0.8514570572525361) (43,66,0.8727122948682339) (79,2,0.9464847779686185) (29,24,0.8771560759214679) (49,68,0.8246402510818498) (17,25,0.7674363665131413) (30,7,0.7626383950430868) 
(41,71,0.812104638997667) (46,48,0.8471080553398203) (34,0,0.7691377668869926) (14,36,0.7526712527096574) (31,32,0.7555620011466775) (18,5,0.8417895342225069) (8,22,0.7568570933479976) (55,67,0.9090051467365847) (1,35,0.9221427996397848) (56,44,0.8954021742488216) (71,61,0.8462247436575341) (69,35,0.7543740629396161) (7,63,0.8230200087777059) (34,29,0.7671768674278716) (53,43,0.818259876938889) (60,41,0.91808407776438) (1,74,0.9062104893618588) (57,49,0.9471794646287948) (5,21,0.7732614383849155) (1,6,0.7975800396429857) 
(69,73,0.7996494147737025) (34,3,0.8789060782692959) (49,77,0.781348316784331) (17,56,0.779184345238377) (50,67,0.8626656838434298) (43,70,0.8401882268886696) (10,53,0.7973201400657642) (51,0,0.8072091066694281) (42,49,0.7845406721815035) (9,8,0.8092072755640374) (39,17,0.9060823782690801) (45,17,0.9220225922012433) (9,37,0.9008586510036197) (41,42,0.8596253555084726) (47,40,0.8269789513311412) (71,79,0.8252459891658441) (34,14,0.8253756064961677) (37,76,0.8406184375861278) (47,69,0.7713466373431607) (70,65,0.8669176881667712) 
(41,2,0.8252124066288199) (32,40,0.8047171205192776) (54,2,0.9089845455332617) (60,69,0.834719489192413) (61,37,0.8839941505032355) (42,12,0.9199767068904264) (7,50,0.8307060244117968) (27,74,0.8211164592902975) (72,74,0.8547582436738127) (31,27,0.7639246657764283) (79,1,0.8216979911432125) (54,58,0.8936841713764603) (69,77,0.7812553776771283) (52,18,0.949130205787067) (29,2,0.9077265780073901) (76,57,0.9454274364328188) (41,23,0.9114828585995647) (27,19,0.9456736936905179) (40,16,0.9307925828462791) (3,44,0.8815141463270222) 
(64,62,0.795211432948812) (59,19,0.8012412075209836) (56,32,0.8585852896187454) (40,32,0.7548648086290993) (49,16,0.7889915680073454) (8,23,0.8439893263194647) (66,59,0.779409324106631) (50,12,0.9254554405228554) (0,48,0.7959629942641495) (13,64,0.7755520419803552) (4,9,0.9264896816679367) (16,43,0.7805579280751278) (29,54,0.884546603724953) (53,9,0.8757758591070928) (12,35,0.8013843669712242) (14,36,0.8124106108319946) (13,24,0.7641789832535814) (29,60,0.8692438203080423) (49,62,0.8088676592493689) (67,74,0.9403697252118446) 
(51,52,0.833720481525149) (74,67,0.7726386870584392) (43,26,0.8838415394908636) (38,63,0.9022738850230513) (18,11,0.8647737589648644) (7,65,0.8961808192557217) (63,0,0.8385461562210372) (7,72,0.809755129415184) (30,69,0.8762300178129634) (22,11,0.765879059859311) (75,64,0.810193065113091) (35,27,0.8017194862859094) (24,56,0.8027665000837416) (3,72,0.7612917440222272) (58,10,0.8052232058719011) (50,26,0.7693678067235893) (27,68,0.8145767116578667) (55,6,0.9439442034585155) (72,77,0.9061077863357321) (4,28,0.8196261254239114) 
(19,17,0.8639751732002027) (7,3,0.8914779035585361) (10,8,0.7667951502286232) (22,75,0.8915137607355876) (73,71,0.9012209095583112) (20,4,0.8192518178264682) (20,66,0.7568462812134208) (68,21,0.9002708855110302) (4,6,0.814076558425921) (38,37,0.919424376001904) (52,65,0.7503807133550408) (57,62,0.8333609224127451) (42,58,0.8511321415286252) (15,19,0.9030190292241466) (61,41,0.7840085531661525) (68,65,0.8011482598310946) (53,60,0.9141717676368628) (10,29,0.8782727785746605) (67,71,0.9182407127268416) (41,33,0.9308403186955031) 
(12,27,0.830328710826973) (79,5,0.8495736519008601) (32,19,0.8535270762370796) (43,11,0.771611491843707) (40,5,0.7585924300068705) (34,77,0.8658364423988962) (31,42,0.9293370355173027) (35,32,0.7742900891807748) (34,23,0.8045063107946706) (51,36,0.785537519692058) (18,35,0.8781123180934555) (78,54,0.9084333606342979) (33,22,0.7933439632018421) (24,31,0.9307987402032223) (74,24,0.8645195094654436) (12,52,0.7556219737021769) (30,2,0.8567201627234471) (4,58,0.8708570592853379) (12,60,0.8942291618196367) (33,36,0.7955545970952947) 
(33,19,0.8783695512449128) (77,71,0.8694652130020614) (72,53,0.774312585594967) (62,16,0.937455306301789) (76,28,0.8637135411917084) (1,55,0.9367950536913041) (19,14,0.9242720072818456) (79,48,0.8315157597458559) (67,58,0.8251197983660851) (54,52,0.794077936911108) (33,2,0.8760057559310518) (18,6,0.8806818705287758) (25,78,0.9074455036197261) (2,15,0.7501585957187851) (19,30,0.880989836459955) (10,56,0.9090644641184185) (16,61,0.7837219712385326) (79,68,0.7595320319875041) (27,39,0.8110627413815704) (51,21,0.82461587322794) 
(44,20,0.8215262059643977) (42,19,0.934053190346026) (62,43,0.8280466752740203) (60,22,0.8987754767254343) (25,63,0.7888743888035917) (24,9,0.9344087528692175) (74,5,0.7924835576829474) (18,51,0.7981882720591138) (57,7,0.7896216864326482) (7,69,0.9090834074496719) (79,23,0.9306653565706072) (68,22,0.8735586996447736) (44,28,0.9227219879932256) (49,44,0.9310312638744064) (32,4,0.7882572017891176) (11,41,0.8097453084291547) (9,10,0.7722937514982651) (23,14,0.7902484270168152) (4,49,0.8243331132593488) (26,23,0.809739957402596) 
(45,40,0.8885771056310303) (29,41,0.8969673523448645) (28,34,0.949453189937731) (25,51,0.7711174412886358) (40,72,0.8206278521935254) (66,58,0.8985224067895856) (9,77,0.8670974304932347) (20,66,0.9090630241883567) (58,10,0.8311170966317546) (39,17,0.9169172669810686) (1,75,0.8899260753205861) (43,38,0.9062404623088436) (38,3,0.7860271929889184) (47,55,0.8446096148037695) (16,71,0.9496030159268969) (29,46,0.893977771134438) (21,10,0.7534721180260352) (9,43,0.9300130841351153) (14,33,0.8053430370803836) (30,56,0.8631401438191164) 
(19,43,0.8080453150719051) (14,64,0.8274595428033085) (3,20,0.8138201699506048) (75,15,0.8895269137628018) (45,46,0.9439808179295381) (64,65,0.8096629069203747) (1,60,0.8200511010406804) (79,40,0.895980983619667) (76,35,0.838463068235759) (14,39,0.9164071767381112) (15,66,0.8457902936188209) (72,21,0.8415662149266524) (0,77,0.8805638190518338) (2,53,0.9075697613037425) (57,44,0.781812265679147) (52,53,0.8674909256344461) (16,22,0.8483707168987461) (76,41,0.9349419219824276) (54,75,0.7873397191227822) (58,6,0.8027623240453128) 
(65,14,0.8707533614634645) (43,15,0.8301552387338704) (76,32,0.9048516544953495) (16,57,0.8612003838742108) (42,35,0.7899986502541544) (69,60,0.8945469435194995) (45,51,0.8370700121565086) (26,47,0.802757123906151) (0,53,0.841439906227877) (63,6,0.9208218851976799) (46,7,0.7525978513486548) (65,68,0.7863253333159232) (1,15,0.8966234444663851) (44,69,0.8076174336322159) (0,76,0.7872850172861872) (24,15,0.8762170781353172) (40,60,0.8155866704341208) (49,51,0.7595905243312915) (50,47,0.7572046996776165) (3,5,0.7861587941556407) 
(40,78,0.7556324309180334) (63,62,0.8985379554784703) (62,5,0.8279699193456127) (4,24,0.9494065504789151) (38,73,0.7896015528223264) (78,29,0.7597794292754075) (65,12,0.7859035600378991) (9,59,0.8008629099444768) (7,76,0.8785939098303106) (38,29,0.8608342038953231) (53,47,0.8116844995388024) (11,27,0.871391360424119) (57,4,0.858818466740166) (64,11,0.8358070045958607) (11,7,0.7536643828638449) (40,10,0.8763097398400085) (9,71,0.8888061824599892) (43,38,0.8683176910658653) (66,63,0.9254333656650342) (50,60,0.8294494534565084) 