(72,0,0.934984839142033) (88,69,0.7856211175736919) (94,35,0.8566222890328679) (99,41,0.9247352685498251) (75,9,0.7783167907344334) (31,79,0.8983492741685242) (30,94,0.7664567682866045) (99,63,0.8940122236613753) (48,34,0.9212409477793649) (11,28,0.9344824137334229) (1,81,0.84255985930704) (39,97,0.93733559364443) (55,20,0.8925785276091837) (69,15,0.936135047182046) (33,23,0.9015249632700588) (87,26,0.8727831006238486) (84,22,0.8631465711621875) (69,44,0.800644540746421) (95,26,0.8160053102570005) (79,46,0.9077087880063524) 
(38,49,0.8559190771679478) (28,34,0.9485572615594212) (26,96,0.8614931003373468) (76,90,0.7583764718254689) (1,80,0.8463050947289035) (26,63,0.8402229566659573) (78,49,0.889311592881337) (85,6,0.9243615309172106) (85,56,0.8730166397170617) (59,3,0.8354147236502183) (93,90,0.9075992982587858) (54,45,0.7700573970438024) (62,12,0.9421819359867649) (53,73,0.8522635089004503) (77,76,0.8972433150829626) (69,12,0.9196286225031779) (1,91,0.8193923914025137) (48,82,0.785410735427489) (86,78,0.8511459547051654) (70,54,0.8639148778275969) 
(39,38,0.8618710859396644) (23,66,0.8941693763447283) (67,94,0.9310599428287453) (54,14,0.811278534534265) (22,72,0.8076847731725091) (35,43,0.8543332100063358) (15,50,0.8088461778043002) (30,20,0.7807905109745653) (0,74,0.8170761926970419) (38,90,0.9381098414494853) (2,35,0.9355949098091418) (83,41,0.883698861825224) (44,33,0.8365769425030616) (17,6,0.883169297929488) (37,19,0.7786085629143569) (99,5,0.872942213488586) (22,81,0.8776172292859892) (65,28,0.8085342560732625) (72,32,0.9076245345360786) (27,97,0.7629704973075597) 
(40,74,0.9423281322273347) (74,83,0.853598172470275) (94,50,0.9149871830403582) (0,90,0.7756377610436606) (87,73,0.8513565432699177) (88,83,0.8523404799144794) (38,25,0.8855969942366668) (4,26,0.9357111829521676) (39,4,0.8259301598730279) (28,65,0.8885690254420696) (75,16,0.9379190947604825) (43,66,0.857969749680063) (99,22,0.8738092235545535) (35,58,0.8161927321177121) (73,70,0.8968809575337146) (72,12,0.8480866756622419) (28,60,0.8066304003670175) (93,14,0.8481310030683045) (67,44,0.7799227890540728) (53,96,0.8915870940989508) 
(83,95,0.791691551455787) (27,31,0.8619776882743262) (59,12,0.8999068436988755) (29,21,0.9310372106336716) (38,17,0.893493386761979) (16,20,0.7960595691844286) (83,27,0.7531271837181731) (80,29,0.7908748739175316) (62,94,0.8104999565810179) (88,37,0.9191908069486899) (44,40,0.758218862225245) (11,47,0.7925514985605236) (15,95,0.8269168848412405) (3,69,0.9303207779789858) (23,93,0.8989684820547155) (8,50,0.8203977934720433) (13,95,0.8782651396010875) (3,26,0.8811547075998347) (50,77,0.8098862688382862) (33,3,0.8285552845448572) 
(86,88,0.8830987704870974) (30,82,0.7935352365243691) (63,96,0.816882467936352) (89,76,0.7963381708135526) (4,15,0.7568805076489774) (36,42,0.9466344246264735) (89,39,0.8752895670922296) (34,87,0.9069379217016725) (42,29,0.8788184683081177) (5,33,0.7850030945534547) (81,37,0.8418857787568904) (35,82,0.9080314103645454) (15,78,0.8604091929476966) (52,6,0.8454509957618184) (18,73,0.9374933042495391) (49,4,0.8883459113288161) (86,6,0.874198101460574) (89,71,0.7596562681948623) (41,83,0.9429131651846143) (77,42,0.8850777467249252) 
(3,68,0.9253731005914041) (50,48,0.923928864936713) (91,82,0.9428058024341931) (16,28,0.8898479413534465) (28,9,0.8590600519568434) (76,84,0.7874890542372486) (91,77,0.8794372180960536) (44,9,0.8249789439235552) (83,93,0.9209450317656623) (96,70,0.7821387423345147) (20,73,0.9254842034811048) (59,27,0.8175788589764199) (12,83,0.9044512809451957) (38,6,0.8758203820660462) (17,22,0.7570645693384711) (48,28,0.7819468629441515) (91,97,0.898558909915695) (50,66,0.8753829789214411) (80,73,0.874298978524806) (78,63,0.8346332661413381) 
(43,82,0.7774842599030494) (29,20,0.8418075719367303) (94,23,0.918208744890018) (22,4,0.793553023707781) (96,24,0.9464016317936609) (48,38,0.7804769617830629) (18,87,0.8675598743108643) (43,93,0.8855915178648867) (90,48,0.8562744866295987) (82,40,0.9172868486663) (51,21,0.9258457090267416) (62,74,0.8932850206878613) (25,18,0.9011443671072346) (32,38,0.8480948601278463) (89,78,0.7804021196911246) (90,67,0.883053916662893) (4,38,0.8576487605439259) (54,1,0.9270796005047942) (34,41,0.9338818476458027) (2,90,0.7613268177021686) 
(65,77,0.816067872809037) (34,56,0.933434530833662) (74,67,0.8487358176919017) (72,34,0.9149012467794383) (25,95,0.8175690624326818) (24,11,0.9321488656447268) (69,51,0.9379791939997297) (99,97,0.9062631893246264) (30,88,0.9345397060726907) (65,31,0.8195910067586736) (30,34,0.8534057925816371) (72,62,0.872902319549836) (95,26,0.8258307390576527) (43,91,0.9307608087555677) (99,58,0.8087945140921763) (30,35,0.943562300856474) (66,40,0.8361372816080337) (7,11,0.9178682614810416) (5,68,0.7665306542197621) (38,18,0.8651120094303828) 
(66,86,0.8676558924263178) (88,33,0.8634215091649217) (46,76,0.9194532055985316) (88,8,0.94075819505629) (87,68,0.8108484121186387) (43,5,0.7647333717098826) (27,86,0.835771443704293) (0,98,0.8936489669472956) (16,10,0.7813903949638582) (4,12,0.8491859768736194) (71,96,0.9307090166042732) (1,40,0.8904326359026887) (15,51,0.9347104943030284) (90,81,0.8850522526903284) (45,29,0.8550287415593731) (47,22,0.8311467579759899) (65,93,0.8453986021649763) (60,43,0.7828408561393159) (17,18,0.9131542466810116) (21,81,0.949465260768765) 
(47,41,0.87370080040223) (46,59,0.8157487219359983) (67,86,0.9125538925305823) (16,28,0.8125032887591609) (44,9,0.9224854189756351) (10,73,0.786371805576425) (98,96,0.8064504023845442) (20,55,0.7782016775267653) (42,66,0.8928116751539804) (67,33,0.83720744970571) (71,3,0.8577339224493775) (43,56,0.9402646439133919) (51,32,0.7976475006284154) (4,81,0.7883832649944162) (29,74,0.8212190101381348) (33,49,0.9191085535156507) (53,1,0.9433612122813066) (21,68,0.7585142118745926) (6,25,0.7861869545621408) (56,15,0.855179924355591) 
(51,86,0.7660100977930794) (51,33,0.8716556420063836) (20,43,0.8986783673586357) (37,54,0.8234166669263129) (92,69,0.8111273033369624) (0,92,0.8824581548737237) (81,99,0.9097980076453853) (62,41,0.8151614998795251) (69,74,0.7978861121970596) (25,67,0.864766515826251) (7,50,0.8103225317845806) (27,99,0.8233145690030416) (1,93,0.8320817711279971) (91,34,0.799623748668552) (60,91,0.7793804337209682) (35,51,0.8279258433302634) (21,23,0.7501115958185682) (41,88,0.9358350129237353) (27,76,0.7876505414302855) (35,84,0.9354835321395208) 
(37,0,0.7561784691334424) (13,57,0.7915434824966925) (64,22,0.7760913905124087) (1,67,0.7594460851983267) (35,98,0.8371978746272555) (92,10,0.8635949102962892) (32,15,0.8454021802093904) (90,61,0.8330260437975353) (53,82,0.8786581667263365) (31,57,0.8366488966415586) (47,60,0.8768335835236963) (82,57,0.9103888241083289) (52,48,0.7716361443826153) (29,57,0.9294987755669619) (88,38,0.8388618772024901) (65,52,0.8883396409986436) (78,98,0.8230643904242263) (83,13,0.7550231704111255) (76,65,0.7864932453975382) (66,43,0.8178455725537109) 
(66,84,0.8349724324223091) (33,87,0.7926473315396758) (66,43,0.756302448573649) (41,57,0.8797540381095099) (38,68,0.8127491282661448) (84,36,0.9323085600669155) (64,84,0.7845646088877684) (67,31,0.8592294530465298) (73,59,0.8480634811570799) (74,23,0.9240260606854758) (66,36,0.8029895401493115) (52,20,0.9379239475597684) (44,40,0.9100545287569145) (12,49,0.8874377726017034) (38,79,0.8022551355004894) (64,86,0.7629905658794726) (1,95,0.8552270872762585) (66,44,0.8075380304941993) (23,27,0.9075734340854325) (52,11,0.9294352260960264) 
(97,77,0.9337526005468274) (14,30,0.8739510101019805) (61,19,0.8700422616460612) (45,37,0.7779317655945973) (76,69,0.8738280979665692) (17,99,0.8054828915223375) (31,60,0.9268138703797233) (70,85,0.7533151530158533) (10,61,0.7834108480400135) (23,87,0.9452228983139629) (70,79,0.8903619381765314) (9,64,0.9356926324041998) (88,15,0.8231782799966207) (56,17,0.7986022063034586) (97,76,0.9005608472991733) (23,34,0.8029338104942088) (80,62,0.9402304061133782) (7,34,0.931936611646664) (84,77,0.9332665966432226) (1,90,0.8570455817148833) 
(5,8,0.8609229253041092) (5,68,0.8120299946887344) (96,21,0.8734282024234272) (72,65,0.8840039348214113) (34,93,0.8627986519771446) (15,21,0.7564069324111725) (74,17,0.8871032556525618) (94,89,0.8255318339576101) (18,54,0.8578345890225286) (64,49,0.8886019074822858) (60,85,0.8998655569255333) (95,61,0.7812398884392088) (12,54,0.895179589970615) (78,88,0.7519344294272432) (35,96,0.771980840062299) (80,44,0.8554850905060573) (83,59,0.7611785733119888) (78,67,0.9339063265684273) (27,38,0.8414105461568313) (28,69,0.7878016742229769) 
(0,28,0.8413082814795927) (46,4,0.8126878525438892) (95,13,0.7994937742377367) (61,42,0.8702339322111337) (69,31,0.9021632739408477) (74,62,0.9316992851511622) (15,73,0.9475853693601832) (98,58,0.7874957662506032) (72,21,0.8569052203014218) (71,16,0.8280701686635348) (28,43,0.7912745753531627) (71,79,0.8698118467807586) (19,95,0.7945080327122055) (87,52,0.8861577894741062) (91,3,0.7592594256787898) (74,82,0.8317064372514157) (77,40,0.846548575956298) (54,52,0.9109560828579006) (87,15,0.881593322659522) (66,41,0.7519187827238629) 
(77,88,0.8364849957864275) (59,27,0.8577117915878781) (79,4,0.7846698230312112) (6,49,0.8039074799794808) (20,40,0.8004038486400441) (1,98,0.918602634109979) (56,31,0.8021645767913705) (38,10,0.8353350064216551) (28,35,0.7870793102945297) (87,78,0.805380756007828) (12,73,0.9303640065118077) (14,19,0.7708628180920442) (86,92,0.7847806654627945) (40,75,0.7948924831547601) (82,7,0.8118485192122613) (56,94,0.9063625369248063) (21,93,0.8382825007823309) (41,32,0.8974512571660525) (89,79,0.8843162787884297) (94,58,0.7756113333377191) 
(18,50,0.8799263595293964) (91,15,0.7589598480602566) (88,39,0.7788966077451713) (93,78,0.8088780192789358) (45,96,0.8795534579142694) (79,31,0.8136426065307534) (50,13,0.7737571457622064) (69,49,0.8149728350218635) (59,57,0.7785230577855354) (47,35,0.874141817977999) (70,52,0.9467352468593462) (44,55,0.8782947447400962) (13,21,0.9447134197077643) (53,59,0.7638894974300948) (75,84,0.8286883570035715) (61,42,0.8158968814963925) (26,4,0.9089497867391008) (67,33,0.8057938720023696) (69,54,0.9459758530729394) (66,55,0.8607607525073901) 
(92,82,0.8629157890122282) (55,0,0.8029046207717988) (33,74,0.9299578334732138) (98,80,0.9267732759162371) (55,3,0.8951138037192634) (58,28,0.9151743927863858) (86,67,0.7848514427324246) (31,85,0.894201305230552) (3,10,0.7910961355194741) (80,2,0.9260233646547475) (31,22,0.8926412448372014) (2,96,0.777515850054044) (30,68,0.8970088764338593) (28,48,0.8293379350505138) (12,35,0.8060032829193501) (70,4,0.8869143162482555) (24,13,0.8066214737343637) (99,29,0.9385019545099593) (80,57,0.7616030941913725) (91,34,0.7800062905923068) 
(14,11,0.9447440302157799) (61,96,0.9006367228955099) (36,63,0.9462767253944162) (77,12,0.9420120289617905) (26,80,0.8992019497443513) (0,6,0.8879674698163923) (2,40,0.8582617434651881) (82,90,0.8948631351260103) (1,94,0.9203601919539857) (41,47,0.8033623281476406) (44,72,0.7881896358762528) (27,6,0.9180618769556317) (74,35,0.9236571807626012) (33,80,0.7671723098482095) (91,72,0.7593235225898349) (30,96,0.7570128836102629) (15,30,0.9200694212891322) (58,79,0.8089958208206471) (51,3,0.8652755148561371) (21,46,0.8373212655328164) 
(56,34,0.9032884002641626) (29,60,0.835554777800484) (20,1,0.8730401758430814) (33,19,0.8385122567009939) (30,45,0.8439357083318832) (56,13,0.8908386813871535) (38,15,0.7520669209326607) (89,81,0.9335819841981612) (12,8,0.9229044381909631) (81,73,0.7526003282392454) (14,11,0.8482531687456983) (90,46,0.8371734782549072) (11,65,0.7671102753449012) (63,52,0.763883781793293) (86,95,0.8876295744041287) (0,44,0.944613979794107) (35,69,0.7892825921991036) (58,38,0.9167028529837811) (37,18,0.9377405671279943) (53,47,0.878765588553638) 
(90,63,0.756138691070312) (99,84,0.8610556303055726) (52,73,0.8042207885722485) (82,8,0.7706814263972094) (68,34,0.9350484251952523) (85,17,0.8961073223721285) (39,94,0.888288462548826) (55,20,0.9327647026381409) (92,85,0.8958365352941314) (3,68,0.9466576178670068) (52,40,0.8194201242611806) (27,5,0.8081394809858626) (62,82,0.8879410136241379) (47,24,0.8116149051693381) (44,11,0.8765684410488519) (35,23,0.8116591515144347) (15,73,0.7961464613508258) (15,53,0.7748298429099807) (56,15,0.8205052963548043) (79,77,0.8356770796152169) 
(65,48,0.9234659800980698) (43,30,0.9133498606753563) (36,32,0.943677932402992) (34,72,0.8146315641053228) (45,10,0.7742926019330713) (37,9,0.8957270894360954) (55,91,0.8790580268100704) (30,27,0.766870530193601) (29,16,0.8229360010131586) (50,32,0.9027896987571216) (58,90,0.9061859346158561) (73,84,0.790466441264621) (75,39,0.8537423209336044) (27,97,0.7828850263896693) (68,48,0.7750238688530056) (54,6,0.8833565666505958) (32,40,0.8655792774225396) (87,95,0.865315273063058) (47,27,0.8282387585403129) (25,22,0.7514096180878269) 
(32,21,0.80246311515785) (13,76,0.8576367464620153) (14,23,0.893596955821863) (64,72,0.8099804921004807) (94,63,0.7787985803496349) (52,99,0.8721976633322481) (1,27,0.8078065638442551) (78,25,0.7564121797389803) (83,62,0.9159736135952818) (12,53,0.8844879753679034) (47,38,0.8747895578745719) (60,16,0.9164373059885575) (39,34,0.9263787244716049) (12,93,0.9064554746413714) (80,83,0.8059874526736774) (52,21,0.7720424299631551) (4,3,0.9284315018289598) (40,12,0.8393797896212154) (8,54,0.9490284050600182) (31,25,0.8257995315203697) 
(22,84,0.8138293775772192) (12,28,0.8176967064470331) (35,8,0.8780492275931155) (9,97,0.8949022864312615) (39,95,0.8995507793590578) (53,12,0.8636763792400798) (42,51,0.8436674577441209) (48,59,0.8172809980453248) (33,5,0.9054030196644064) (56,20,0.9057102439519511) (78,16,0.8966040961365112) (19,81,0.766762817768767) (22,81,0.8797147271535697) (94,74,0.9387417995274834) (81,73,0.8694276014558961) (52,97,0.7530705851617141) (4,57,0.9102178742251981) (71,23,0.7844705380621994) (32,5,0.9332154586840798) (98,7,0.8223259838259009) 
(41,97,0.9485134080046198) (32,23,0.7983472427757935) (10,32,0.8693813716952483) (83,6,0.8449778492186001) (52,61,0.8714827289168101) (1,77,0.8670088830756721) (24,79,0.7634870586370177) (95,24,0.9143788167515629) (33,23,0.8415326214714222) (55,33,0.7913369512019952) (37,77,0.8536616280488896) (65,28,0.8660698453918996) (12,20,0.849855609887566) (37,91,0.8218972247653253) (21,3,0.9452023076205174) (43,17,0.8718076560136814) (5,38,0.907992345399646) (16,55,0.8213781697267833) (91,42,0.8703440187466063) (42,18,0.8912293015270438) 
(45,55,0.8893653996099316) (51,94,0.8411186154804171) (66,86,0.7779322806419586) (47,42,0.7879353619961231) (97,48,0.8244593700994263) (82,17,0.9483037956702091) (80,14,0.9322436301363316) (99,14,0.8194041704298046) (45,12,0.7918416310262553) (98,80,0.826084255736441) (75,22,0.7618965354542984) (73,79,0.8096881118663463) (90,96,0.7555849794634046) (42,80,0.9298451429778936) (88,3,0.8360899634164319) (48,61,0.7675025926086821) (35,8,0.9437436890658504) (89,86,0.8750539508718842) (80,73,0.800944533194829) (63,28,0.9136284088532094) 
(65,16,0.8056239185514533) (69,62,0.7742495464886396) (21,91,0.9301607598191312) (3,54,0.7627271649957337) (13,87,0.7643788565629183) (72,90,0.8656061431052716) (90,25,0.8560647184721986) (6,31,0.8707137079254945) (51,26,0.7815443679061366) (62,35,0.864537272635086) (6,26,0.8674458087122613) (76,61,0.7775276701231201) (31,17,0.9220786055355957) (11,75,0.8820666788224378) (4,39,0.8196617139110445) (34,82,0.8738055206552366) (67,94,0.8459848373778898) (38,8,0.8703159304816995) (4,63,0.7672366207924691) (7,95,0.9078502303069294) 
(38,7,0.892905893091446) (69,57,0.8794609697474567) (93,13,0.7556012912031557) (52,68,0.883648298827592) (94,89,0.8277929153303125) (57,20,0.9430083082415065) (43,24,0.8832688829421789) (0,85,0.9434457530473637) (27,30,0.8029016326882189) (85,34,0.8730127938859785) (25,99,0.8250427311473181) (41,34,0.8893454155174211) (54,69,0.9446846271723931) (9,29,0.9057996962520154) (66,19,0.8234480238584645) (7,94,0.7563724285052488) (98,76,0.8834336086017055) (2,13,0.8739882523800722) (32,10,0.8386131217973763) (41,69,0.76276237487209) 
(27,21,0.889665563818993) (55,66,0.8577404246294857) (85,36,0.9416932699220874) (73,48,0.8529711744303266) (51,68,0.929601781997792) (99,90,0.8658043987432853) (15,28,0.924081757133027) (84,86,0.9290519999968159) (52,70,0.937517018315758) (47,22,0.7732144671908281) (99,76,0.8314518096261366) (47,97,0.8400417021312008) (66,95,0.7698274931197167) (75,92,0.8326045069064999) (30,37,0.7919478636130742) (86,77,0.8996133744840551) (63,48,0.80349786144713) (81,13,0.8487556898266018) (93,43,0.7845048815039766) (80,63,0.843862858040884) 
(98,0,0.8129339853822273) (0,91,0.7727727738029883) (77,43,0.8681342634551551) (56,15,0.7770376113652703) (73,21,0.9283640445429052) (3,42,0.8642743666920066) (50,64,0.9110446386473888) (87,92,0.893847933369714) (0,31,0.86066927471571) (99,30,0.8420723185492455) (19,77,0.824307801113119) (4,0,0.9233419091473927) (65,10,0.8151538999897947) (84,88,0.9193147479579767) (99,67,0.8508283758538839) (24,57,0.9052239916942075) (88,3,0.8608281447932774) (15,1,0.8405411727367317) (41,47,0.7637199275168502) (8,67,0.7600900178539571) 
(90,34,0.8736989581878394) (53,13,0.9174108742548891) (27,8,0.8206219524735109) (51,42,0.8708308585156417) (2,35,0.7798811470488369) (52,3,0.895328823638721) (51,19,0.8750236350032781) (10,15,0.9473204190572048) (33,84,0.8982702273277642) (59,79,0.8626709389423698) (12,35,0.7955540040353388) (18,62,0.7871788563007122) (57,38,0.8086570548234142) (69,62,0.9236587542158725) (55,7,0.7902342352674375) (62,53,0.849153993642542) (51,20,0.8870126536965824) (34,15,0.807847392449189) (80,96,0.9413366586228908) (58,16,0.8555007282904639) 
(62,89,0.8135717897451449) (48,52,0.838004417416537) (5,16,0.8021889422033459) (74,4,0.9024723897968234) (48,66,0.9475995978505829) (93,72,0.8636245943178528) (73,6,0.9002809192447654) (78,65,0.9344108576213743) (25,70,0.8364725597391476) (25,1,0.8394473463236777) (86,79,0.8164302031685872) (4,26,0.7608750192867411) (71,16,0.8936240471806253) (36,63,0.7898855326632354) (45,50,0.8810538156742199) (20,18,0.8157209048303529) (45,29,0.7864294631904787) (85,14,0.796643426573439) (49,98,0.8300389449825395) (47,73,0.8267883998769842) 
(5,52,0.7806686201869778) (77,29,0.7537633402078489) (68,95,0.8317972341274782) (19,3,0.9113826474647054) (76,69,0.8142655970652354) (77,60,0.7716858731675227) (33,87,0.9413634663016429) (44,69,0.9403748204645684) (23,35,0.7546027604679282) (2,60,0.8277016598791436) (4,24,0.9362280520179246) (43,35,0.7624100824451833) (27,56,0.808420646545044) (5,2,0.8199570017652381) (68,0,0.9010565870886) (80,17,0.911157949421479) (60,65,0.7753344753056983) (85,54,0.891724303291789) (3,37,0.7725257916909578) (14,60,0.8149941001533192) 
(46,45,0.849929690835629) (16,11,0.8227525790081589) (13,3,0.9092833460956686) (29,77,0.9455443714221277) (73,72,0.8406998128662984) (99,41,0.8438586890154237) (26,40,0.9055823358463355) (95,69,0.8791543703844297) (17,46,0.8181531694479264) (3,31,0.9077932428900981) (29,81,0.8237681098988195) (89,80,0.8814413411306424) (0,49,0.9223690102020502) (85,61,0.93189118582937) (65,28,0.8791184238429124) (23,54,0.844301287001695) (82,85,0.93623849659515) (37,21,0.8832757696001522) (17,16,0.8253503873415421) (81,91,0.8626889417917177) 
(20,39,0.7806661792716602) (17,97,0.9302221193294482) (91,71,0.9228165698743468) (71,63,0.8943556325193472) (53,4,0.7732653499555181) (9,72,0.828134852699554) (74,28,0.8367573415039979) (82,9,0.8679291918050626) (81,25,0.8158483191842708) (3,41,0.7820763741404414) (99,95,0.8326139037870521) (77,61,0.932822814412802) (45,29,0.8459366943647114) (29,25,0.8875383893980129) (70,50,0.7540019182691591) (78,53,0.7909830251939161) (69,68,0.9336983210021822) (52,23,0.8705272433291342) (96,67,0.8991455757082469) (2,89,0.8104423310815471) 
(2,21,0.841007235302242) (27,94,0.7795235942249691) (5,58,0.8244745852470035) (70,54,0.9268154314573436) (94,44,0.8112905854483057) (3,81,0.8102844050862043) (12,38,0.8747943666841139) (22,43,0.9291089766701938) (8,30,0.8847206718098534) (42,79,0.8796866697196005) (40,12,0.92681916469595) (32,15,0.9473902647256478) (26,49,0.8911007210471633) (65,86,0.7516572289519489) (2,16,0.9303792500617493) (24,26,0.8371180179240106) (54,25,0.8172072877448769) (9,96,0.8891265516699197) (7,31,0.8711841664541523) (78,38,0.9107437190893548) 
(23,52,0.9157642223390581) (17,89,0.85536728765319) (34,51,0.8807671728293136) (65,24,0.8158859369129832) (9,5,0.8682073151962758) (76,85,0.857264490288884) (51,22,0.7886584895611995) (23,69,0.8857925530431716) (45,12,0.878849022241372) (85,39,0.9212183642333508) (30,96,0.7760204315554114) (25,93,0.8794080288503853) (0,50,0.8112368816611017) (15,68,0.9233474895898973) (9,75,0.7756833511411199) (66,81,0.8033445512275685) (29,97,0.7857104415256115) (76,40,0.8814839855654761) (2,98,0.9257869466125197) (32,8,0.9269518670873942) 
(54,92,0.9216633975332112) (68,94,0.8002952836564109) (8,78,0.9318923219042293) (8,55,0.939571748817696) (57,68,0.7827375803323321) (10,85,0.7799032069577111) (79,84,0.8571379712749707) (69,39,0.8410571957709688) (71,20,0.9276889568498192) (11,27,0.8683975360189008) (65,78,0.8981267554549172) (26,74,0.9281343517290181) (7,17,0.8880731628031412) (26,88,0.8450601530165232) (79,45,0.8829977717633268) (48,33,0.7840879259621425) (9,18,0.9164701285093889) (84,37,0.8927908559659123) (58,23,0.9357082657931046) (81,62,0.8919963459518105) 
(4,89,0.8770758938038706) (92,79,0.7951798428658237) (30,94,0.8656437802223335) (54,78,0.8375643898944676) (24,30,0.9095874425115399) (48,72,0.8759716257414649) (54,57,0.8083540655222695) (45,67,0.8268394704818542) (2,42,0.806514291334617) (36,88,0.8885229746670191) (89,24,0.796299617410961) (72,1,0.8110229431488023) (29,97,0.9186300845367037) (38,26,0.9401206470369067) (81,32,0.8678066386722064) (20,38,0.807489281934799) (96,65,0.908561063305102) (51,85,0.844571030835021) (9,97,0.8239444058205675) (86,80,0.8259975373129271) 
(34,39,0.941165054131152) (16,91,0.9421606740525641) (94,60,0.9475944642906301) (33,96,0.9326641419637269) (38,92,0.8422743072599939) (47,83,0.8607111717191417) (11,99,0.8799253333706929) (85,87,0.75862856443838) (36,98,0.8973516142350886) (5,66,0.8320862052405927) (1,59,0.899674641746309) (5,98,0.8175243368730469) (76,83,0.932734856753777) (47,77,0.8840736087189869) (68,93,0.8198069932337578) (65,7,0.785676706529541) (50,75,0.8945657745538982) (54,42,0.8838422019350196) (15,5,0.8856344603128574) (85,55,0.8876622061880316) 
(32,40,0.7980992275571227) (29,93,0.7604226677929445) (14,37,0.8262271728110443) (83,98,0.7826727582771101) (76,29,0.8557116357608131) (50,98,0.8551240839554867) (57,68,0.8403725951723244) (18,43,0.8982116983956867) (38,54,0.9212326808512088) (90,39,0.7921004239032374) (90,8,0.8714663450152955) (75,79,0.8607057759391249) (66,58,0.8216284405262096) (80,33,0.871663790061995) (71,41,0.896762379270771) (50,41,0.8854122630348853) (55,71,0.8481036127032251) (78,0,0.8453679943501425) (57,77,0.9345362301052835) (14,99,0.9498564930352495) 
(1,98,0.8347946382836852) (95,4,0.8878020832495661) (70,45,0.9345933316045503) (68,25,0.8885757891968351) (12,86,0.8984345496034027) (22,21,0.7792457270692609) (1,92,0.77194800482713) (35,68,0.7677967388557214) (75,34,0.8333284639289458) (31,96,0.8640610237335422) (36,55,0.8957285442389736) (95,52,0.9213344058040287) (89,57,0.8688505732478757) (20,1,0.8651538677727124) (76,42,0.8028016238694368) (81,31,0.8352127313660161) (50,92,0.8316393336571354) (30,29,0.8883704864279464) (38,47,0.8231036977286741) (13,38,0.9084153779639189) 
(86,68,0.7563410990721149) (5,33,0.8793457365226152) (58,39,0.9375394537557644) (37,93,0.8977212302437956) (10,27,0.9486617446049126) (4,79,0.8226706503440177) (17,33,0.8262415750831638) (67,53,0.902164348090231) (27,91,0.8535003185896024) (16,82,0.7514712210912959) (69,86,0.9120548757966334) (92,43,0.8346900360085022) (29,97,0.9463943868498829) (21,27,0.9442534862026672) (36,98,0.8436786162962504) (23,87,0.9022390434758512) (21,73,0.9369334074722586) (73,37,0.9107463538899594) (82,53,0.9496162054946145) (12,87,0.8538721945903448) 
(70,85,0.9245399855508845) (43,67,0.9043940457309099) (8,1,0.9389540107694885) (57,69,0.9195881397142411) (32,93,0.797538128658707) (25,33,0.7537094583681309) (75,44,0.9389281380076422) (57,39,0.8196431986842447) (99,59,0.8828834668567012) (3,37,0.7971801835456003) (69,12,0.8255998484886513) (40,4,0.838742432902537) (65,21,0.8129304843323165) (93,6,0.7744805041766646) (45,46,0.8692824521317737) (48,31,0.7827688544080248) (50,51,0.8276346550370779) (12,36,0.9367981747136815) (3,45,0.7593753818470309) (27,34,0.9258525969241364) 
(11,73,0.7890741920193037) (43,61,0.822523502605429) (25,93,0.7524340795153915) (8,69,0.8841100366803786) (96,16,0.9244590270653741) (84,40,0.8375813058056212) (82,81,0.8357009378322292) (34,42,0.8398966356150216) (14,9,0.752898049727022) (23,74,0.8193215779409265) (94,35,0.8355031927391965) (82,36,0.9002230329863508) (16,47,0.776117980959106) (74,63,0.8758873570870609) (25,81,0.8433524973655062) (36,35,0.900068474100751) (29,67,0.7958969526148804) (89,38,0.887941605843085) (75,36,0.8355186555995338) (36,9,0.8904675763722801) 
(18,92,0.8714869319171095) (11,28,0.8073271411526144) (8,69,0.9492419386054352) (75,52,0.8516234206079786) (23,25,0.8788472858170409) (59,60,0.9330678272629885) (77,74,0.8025390550881943) (50,92,0.7527112575846738) (11,47,0.8303708174739489) (43,13,0.8681829105330219) (96,72,0.808878593263753) (63,94,0.7633882450749847) (70,62,0.8460610614869686) (82,77,0.9328565870575711) (34,52,0.888651607059486) (50,64,0.8856647801489761) (60,66,0.7524812024634989) (35,19,0.8231352612989349) (2,27,0.7808564776771498) (24,60,0.7989361692383989) 
(31,60,0.8839162100641977) (85,36,0.8542877961469659) (35,22,0.9201719026754518) (15,16,0.775042685641725) (8,26,0.9200703903259446) (39,99,0.8318172694788853) (13,35,0.8591552215540521) (41,64,0.8302265461880527) (56,83,0.892269152131319) (64,52,0.8149051889147849) (97,5,0.9330750656469067) (90,64,0.8004647770738911) (15,7,0.7659762430204008) (75,19,0.8243114949690499) (63,50,0.8547538645037391) (69,3,0.7643161152823172) (56,74,0.7606741013922108) (63,58,0.8272417084724804) (0,79,0.8023888011783535) (2,37,0.8421792688053493) 
(50,60,0.9163649907926699) (28,46,0.8438508043295441) (70,93,0.9240226868317558) (87,95,0.8584806565779997) (83,38,0.9343456055790255) (77,67,0.8983718571057291) (80,12,0.8202924168899903) (7,82,0.7973400640840571) (92,41,0.9327637401206167) (17,27,0.9231371067356644) (38,27,0.832209600481409) (63,49,0.870666621102812) (38,75,0.940271374157562) (54,88,0.8767485794682095) (99,58,0.8921583193444482) (47,97,0.8333389728470304) (35,62,0.8551498077093017) (0,99,0.7675694706884716) (28,92,0.8152471252503398) (21,31,0.8571878030854706) 
(55,26,0.9486708297500844) (42,24,0.8259309229625262) (87,0,0.8753243186290193) (11,4,0.757075687558727) (68,33,0.8086667106894909) (98,43,0.8163906998506703) (77,18,0.8700752598023036) (38,47,0.7696725213875307) (59,38,0.7799980141703169) (83,84,0.8189594335006691) (13,93,0.8515653152470297) (80,94,0.8205169762928709) (33,94,0.8384715936002494) (70,35,0.9116887656213101) (7,20,0.8509008897336849) (22,74,0.8295028628006844) (74,88,0.818854000109126) (81,42,0.783436257611852) (23,83,0.9148787584829801) (19,52,0.8817383889192836) 
(38,18,0.9385659352682771) (96,84,0.8680545979929072) (21,50,0.8337900759532373) (49,36,0.8686556874971088) (26,17,0.9054258176955601) (96,0,0.8771483445943031) (35,25,0.8908262114269339) (32,12,0.917058357215043) (59,73,0.796584203232262) (54,75,0.7849297662205372) (64,41,0.901534603633394) (17,97,0.8690543605175831) (20,93,0.8857182720207231) (90,38,0.780756876717783) (35,21,0.802445976073914) (90,73,0.9430432093881007) (32,49,0.8979516913116597) (5,90,0.8366907240140595) (64,75,0.8757069875797154) (75,46,0.8923403359430756) 
(52,8,0.7535764455648469) (5,43,0.8226292867281519) (6,18,0.7518395528172719) (51,66,0.9478236697280709) (0,81,0.8089675428875415) (5,36,0.9362782988174242) (66,47,0.8226728710539416) (33,94,0.8947838727366876) (99,88,0.9478245710346822) (39,94,0.7674705490694952) (67,8,0.8329754099551061) (77,63,0.8710609459574656) (14,86,0.83546520531456) (60,29,0.9476811025145814) (25,94,0.8136362589819481) (46,58,0.7698854282251387) (42,30,0.8795597552535525) (80,28,0.9175244674976837) (70,99,0.7663627332949419) (67,40,0.9283881154752597) 
(63,49,0.9456534263720268) (36,92,0.9025210974640774) (48,24,0.7915394597849307) (52,57,0.8328331795176237) (51,39,0.7903421662023422) (69,79,0.9382493946991014) (99,88,0.9392181012852515) (18,48,0.7686541024048119) (73,89,0.8256091312716024) (3,59,0.7547353817725928) (72,32,0.8967353761889901) (21,82,0.8702720411548255) (98,42,0.7713033795836202) (45,46,0.8123045359092805) (63,31,0.9098661366831859) (71,80,0.8495143725229433) (83,56,0.8340331047914415) (10,14,0.8944428735772044) (3,8,0.8795739612354418) (1,28,0.7787711537854434) 
(66,24,0.8999020575867103) (82,9,0.9350563380873739) (58,83,0.817975417064688) (38,6,0.7785636415860753) (58,49,0.8869144671937296) (36,44,0.8763102427046311) (19,64,0.7580924514328197) (45,19,0.9436055609545646) (35,87,0.9166355562291686) (76,70,0.7549930954811483) (48,3,0.793385131304978) (32,73,0.8964228093182028) (0,13,0.9384343430425294) (83,37,0.9421879958775772) (18,69,0.8498798446168142) (5,39,0.8047767133966423) (53,8,0.7657822649573768) (53,67,0.8890436370574178) (57,12,0.7517874237619037) (91,56,0.8985437982006728) 
(30,56,0.9002015730719032) (54,83,0.8088887033782199) (88,72,0.941080174035178) (88,39,0.9479224184269069) (79,53,0.8406987409725811) (19,44,0.7671753833353787) (73,89,0.8447577315678494) (32,99,0.9115399720551154) (91,4,0.7981748215851336) (91,41,0.8355025425779198) (47,33,0.8547406072953001) (46,22,0.7607019993305915) (58,12,0.9182054800545458) (12,9,0.8884225181141083) (38,20,0.8879264352916332) (67,22,0.8672567016753787) (19,63,0.8755720822109112) (16,59,0.7778268880642747) (16,4,0.8613224775349873) (94,92,0.885543916852273) 
(43,51,0.8770720774553687) (43,95,0.7650448183781502) (19,71,0.8975715289820609) (27,5,0.8028628510335349) (88,2,0.7568900954540072) (51,15,0.9286912118766768) (39,86,0.8037639563176088) (58,17,0.930283385365903) (97,28,0.7872791309339493) (61,4,0.8322478878558774) (68,85,0.9429160364321507) (50,56,0.7899345397829198) (56,60,0.8162371014997659) (96,23,0.8531979302415444) (54,36,0.8302408034326811) (75,38,0.7799858327462773) (41,8,0.7828238768869369) (33,6,0.8812222705822376) (54,71,0.7626466936823835) (67,78,0.7573517550368316) 
(24,74,0.7641528299832278) (39,11,0.9351890791287816) (91,82,0.8890116696183629) (48,77,0.7712897292169592) (58,98,0.9214921411465169) (76,77,0.9406268710311849) (48,50,0.8333436077184792) (12,51,0.9069176023849612) (78,44,0.9333110732405012) (29,82,0.7641128297423057) (81,72,0.7545232996069239) (8,84,0.9254739470277811) (13,4,0.7820239816580207) (45,6,0.7837695555289858) (50,94,0.8853964763645398) (84,73,0.8859909157530426) (9,48,0.7946378370608085) (34,69,0.8256918658004977) (67,93,0.7936693978026557) (35,49,0.8452857210028599) 
(4,36,0.9212051593361827) (78,70,0.8417486478686383) (6,59,0.7683790880398004) (27,93,0.9043600232172957) (97,87,0.896390863265373) (25,2,0.8420773864015653) (76,96,0.9171738162733318) (19,73,0.8028131497689582) (79,27,0.8584099829055499) (63,59,0.8722944917991533) (47,4,0.942149360187129) (48,31,0.8427806562832652) (68,2,0.9112987357888198) (98,24,0.9306278253042913) (43,54,0.8145738173589062) (84,99,0.8965299564155702) (75,71,0.7629711204365284) (30,96,0.9086905982628984) (5,97,0.7523630922608644) (40,17,0.946828875529203) 
(64,48,0.9190227463253988) (52,99,0.8199623011978463) (4,51,0.7729112194064828) (57,62,0.8618164332109766) (60,8,0.7880992687452264) (62,72,0.7648107208054421) (16,80,0.8587437069517366) (28,0,0.9387000882052815) (65,57,0.9267653225733694) (2,62,0.7654275520577418) (21,29,0.9254007195782814) (49,75,0.7869471695148161) (68,86,0.8837455527704211) (30,11,0.904773296501648) (90,88,0.7696402739190299) (39,61,0.8618014621150814) (72,78,0.7603032372863183) (61,18,0.8278909214855017) (95,68,0.7625152014737211) (69,96,0.8708240949616208) 
(41,14,0.8092600541981338) (7,0,0.8408761902573114) (74,34,0.9105832992140108) (91,85,0.9305944689515819) (67,72,0.8754489025134793) (32,24,0.7562954741660053) (29,96,0.8348749107790522) (95,69,0.7756305240338285) (96,65,0.8286984009248102) (19,14,0.8293845215546818) (65,63,0.8778936987509058) (55,39,0.8136541925197849) (48,19,0.760153028268446) (59,64,0.9224191370696848) (82,65,0.8885880276631772) (14,74,0.759984455495495) (62,53,0.8746806922905839) (23,41,0.7906076579384702) (86,27,0.8668279409050549) (0,67,0.9030739808852903) 
(7,98,0.7633156045834085) (84,87,0.806151987349506) (20,34,0.8698600242075378) (34,12,0.8261612119724822) (87,60,0.8669193271700845) (36,97,0.9372274224499736) (59,93,0.7885844938285755) (41,23,0.8094080022184978) (61,90,0.795103065094692) (37,76,0.7573396943128236) (9,41,0.8411411549665091) (59,17,0.9185120412476968) (73,92,0.8338364072010667) (37,74,0.9458334057051638) (26,33,0.7585143673529107) (1,52,0.8923457936900364) (55,14,0.7542665377878747) (66,39,0.7951481957462923) (13,60,0.7878591080690552) (15,47,0.8915254569759472) 
(61,3,0.7702382928639318) (43,48,0.7635866456950795) (68,14,0.8986066329658612) (3,49,0.8696769151785113) (22,45,0.899134835262884) (80,20,0.8165159367085499) (59,91,0.8446531782848967) (83,86,0.8216415680060729) (21,72,0.9359646467300269) (34,80,0.8111253023649068) (42,10,0.7860938647260333) (65,61,0.8588356924879725) (8,53,0.7662217365040018) (58,37,0.7550582119852138) (65,87,0.7954771657539164) (49,75,0.8049144118518726) (52,72,0.8349188081317674) (32,81,0.7743286956968782) (85,15,0.934677175391551) (20,9,0.9204673429445756) 
(63,50,0.880991345679159) (72,11,0.7602061509194749) (0,48,0.8787031113712479) (62,77,0.8821758660848209) (13,27,0.817620737054196) (50,81,0.7852242981784333) (22,48,0.9267496209053039) (84,98,0.9067591536958761) (81,47,0.751786689755897) (34,20,0.8250160754654853) (51,99,0.7650698722872014) (24,76,0.8194383872012766) (11,23,0.8520523690989118) (19,43,0.8157800136319153) (74,71,0.9141195103371075) (63,68,0.827861718416605) (0,81,0.8244760099343348) (60,74,0.8584430264793645) (47,88,0.8440262119811647) (4,21,0.9384666893256042) 
(33,32,0.9475050948706369) (96,57,0.8429249938239779) (52,68,0.8179405173174876) (83,79,0.7781785804765496) (0,49,0.8386665245800037) (76,48,0.9070546108536403) (74,14,0.7976739510761094) (44,11,0.8678698214217943) (76,75,0.876540799838237) (40,55,0.8781970986168499) (22,33,0.8403187163020085) (31,49,0.8564969535320527) (28,12,0.7526054174552178) (92,84,0.8260476067307079) (74,28,0.8065669462719769) (19,28,0.8500704614327573) (50,1,0.90274184596203) (48,84,0.8445738967856459) (49,97,0.8130113560485035) (2,3,0.8693919984898766) 
(72,40,0.8562726310865275) (74,60,0.9452975336365371) (16,9,0.7626401253539817) (2,23,0.8019492376191818) (72,34,0.7741935048126323) (41,51,0.8159382045741994) (26,88,0.9350739443543326) (73,51,0.8842751168391132) (2,20,0.8745661154241545) (33,11,0.9004609802293451) (98,60,0.8466721899716666) (39,68,0.7555209426787507) (53,34,0.9406555763776507) (44,86,0.9408465679004028) (80,12,0.8304995972713887) (26,1,0.9421180258236855) (20,59,0.8302201811252636) (75,62,0.7724655244602275) (93,86,0.795556744930499) (41,55,0.8841578716689029) 
(86,34,0.9253014092352594) (29,30,0.7755044613278985) (38,61,0.777479255536965) (59,75,0.9454874145127392) (11,39,0.8727594649396798) (50,67,0.8783297451597128) (31,79,0.7502322607834891) (26,32,0.9192018477388825) (13,45,0.8366153348694814) (75,65,0.8046387075913198) (70,86,0.8011235174410508) (81,76,0.8837497534123391) (35,40,0.7580834372335844) (44,29,0.8870881371317882) (98,20,0.8511063209492095) (92,17,0.7576291633269956) (68,45,0.7790545344585518) (14,18,0.8165005138656356) (50,93,0.8081823802772599) (13,38,0.8027939317598044) 
(18,68,0.8502825518840117) (70,17,0.8353744254646369) (33,13,0.8214472852172958) (84,37,0.7916486562910441) (68,15,0.9047514088993308) (33,89,0.9280850852206783) (63,46,0.8328151593879599) (31,24,0.9032867070752317) (55,45,0.7732690332340268) (45,35,0.8705607078778868) (96,1,0.8791267224681977) (38,66,0.8428311672168175) (70,16,0.8889093758158393) (90,58,0.7930572002323957) (51,85,0.8372711257052088) (89,78,0.7617481390407258) (51,65,0.7774661719961199) (92,51,0.8687848261571108) (98,13,0.8372903630345104) (35,0,0.9458245902952416) 
(25,44,0.9357484861244412) (67,26,0.9052602053959224) (3,38,0.9454355398927918) (29,36,0.7538207396222768) (20,10,0.8181324677319946) (73,48,0.8472027401906047) (18,85,0.8347033141340935) (12,26,0.8745302998934691) (17,21,0.8494645216707276) (27,26,0.8001558566310943) (25,98,0.8959073548794391) (89,10,0.7651661163247376) (43,68,0.8523458704796987) (94,27,0.7922059513079964) (15,96,0.7890546964337921) (84,82,0.8834353469776511) (10,45,0.8109088539042757) (34,8,0.903006256944902) (94,98,0.7619426827042779) (82,40,0.8626686022317938) 
(57,15,0.8856396449689372) (68,39,0.7710349829081994) (21,38,0.9108786091621058) (99,64,0.7915626095809247) (85,22,0.7504988791083552) (87,71,0.9273880994833251) (94,82,0.8219662475416947) (44,97,0.8352041605752623) (84,55,0.9482125166482716) (64,20,0.8515395747493713) (35,10,0.8546426205750228) (55,40,0.8762380628616693) (21,69,0.7712064052717846) (40,13,0.776655166630972) (25,24,0.7696678072449628) (50,5,0.8123474036575911) (18,90,0.8956211729061666) (54,19,0.8421706600274994) (65,63,0.9412677177803208) (10,23,0.8875894841518763) 
(99,4,0.8298490283401756) (39,10,0.7623424333064739) (32,82,0.8259061901681543) (23,17,0.9308761000152872) (55,41,0.8394624336979771) (18,68,0.8733668422366684) (69,54,0.8768087592447595) (58,32,0.8537615818574797) (42,74,0.9158008577618741) (2,73,0.8490857618445774) (28,97,0.884668641901402) (54,33,0.7671443797845968) (15,50,0.8274296462613795) (84,22,0.8871737417607367) (32,75,0.7743991947887564) (86,76,0.9418974186176668) (67,47,0.7885769629173672) (16,8,0.7881599497383379) (37,40,0.8931063635852102) (95,53,0.9178072862229346) 
(33,23,0.8478256801874166) (45,48,0.8206197564730151) (2,89,0.930157692714014) (5,79,0.7557370169249567) (99,33,0.8377112539857723) (3,6,0.7586483329231092) (74,9,0.8916315539611365) (7,58,0.8383476052240952) (37,2,0.7806659676559595) (11,10,0.9462126389274361) (99,83,0.8589379572270126) (86,67,0.8668720308915182) (14,50,0.8751032825369104) (89,34,0.7997268911078856) (32,13,0.8812091015502372) (74,73,0.7526482983378256) (5,90,0.7735627242101604) (42,13,0.764018951961586) (60,71,0.8399983529404169) (81,11,0.7770265956823508) 
(7,97,0.765184927809446) (47,66,0.9404515139124527) (40,13,0.7634146416070261) (71,67,0.9284448020345999) (1,25,0.7742698581659021) (55,41,0.8695101104596245) (77,5,0.8481866991327259) (87,68,0.9216070206309535) (71,21,0.9259195743859823) (36,72,0.800681505959473) (12,74,0.7623622458937211) (54,68,0.8144413289328643) (73,48,0.7904114519827343) (93,9,0.9137204319006716) (1,47,0.9409608542442625) (49,25,0.7769474760814691) (4,51,0.8041761252127098) (8,42,0.8152323883925409) (48,10,0.8423091406159049) (13,80,0.8257891412273536) 
(78,84,0.8230128581316157) (25,4,0.7613549322008879) (94,1,0.8325566914646265) (54,39,0.8626880577018246) (80,34,0.8166021782318285) (53,19,0.7639943014220458) (57,39,0.8880689618239521) (31,36,0.8587790374927381) (50,62,0.9355931389006434) (58,96,0.8178471150090684) (9,7,0.8114940513777819) (13,45,0.8271120031441407) (17,4,0.786713846113315) (61,74,0.8558601870999684) (30,11,0.9419029079006074) (77,15,0.78070420109954) (46,0,0.8573651549747338) (10,60,0.885780845348789) (40,94,0.8070187269718239) (66,37,0.8288090983274571) 
(65,30,0.7601487440868843) (41,7,0.8597434357150134) (57,31,0.75668711361561) (85,96,0.9194555376367352) (49,61,0.7605309273772687) (20,35,0.8735202094151757) (33,51,0.8069218082983538) (35,51,0.8168335425828394) (62,83,0.8018676996709149) (22,23,0.8091096364161969) (76,66,0.9169221185287298) (69,56,0.921642110143419) (43,91,0.8955528136691856) (43,44,0.9417575608875979) (15,32,0.818501575236965) (19,2,0.9131059411891641) (64,19,0.8546315162921175) (22,64,0.8927443829745542) (29,68,0.7788026794799392) (45,77,0.820821076099413) 
(54,22,0.8543018534651516) (16,45,0.8645352254506032) (54,80,0.7834112308152674) (83,85,0.7879374253832273) (66,11,0.8318829178766864) (25,24,0.8197268430942847) (90,97,0.9396311038181728) (23,35,0.818314483131885) (57,26,0.8168193486345495) (30,12,0.9206376522733156) (63,21,0.8397224221066348) (69,79,0.7763973243181344) (36,28,0.7610865441771647) (57,11,0.87538505063824) (69,12,0.768837078104018) (2,97,0.7673149249096365) (94,21,0.9417394699442108) (53,44,0.9449473531036376) (20,60,0.8929006670629287) (89,16,0.7529405863167505) 
(70,84,0.7857288759241046) (37,70,0.8386184746130732) (55,87,0.8454799131104559) (26,7,0.8469613241097649) (23,26,0.7545443947960669) (26,11,0.78009500727071) (96,93,0.7657641644677279) (28,23,0.9176806185765661) (57,32,0.7767010163268163) (29,78,0.8248060206634129) (80,97,0.7924981457781514) (21,66,0.7953894635649097) (40,46,0.9280218004269918) (64,84,0.8636924292212594) (83,1,0.9393951437860415) (74,77,0.7639240552322689) (33,96,0.9062713428497189) (77,2,0.7890287383331267) (78,73,0.9308573303143601) (68,67,0.7671007499287581) 
(97,66,0.7876244717800939) (76,89,0.9418271408690739) (81,39,0.7665117397512112) (9,82,0.9246664718519824) (20,87,0.8800755036650451) (85,52,0.8511201226763152) (49,54,0.8108466225905061) (55,38,0.9481095032852392) (36,3,0.9371850173303503) (34,41,0.7905708905638033) (61,60,0.7824868716359447) (48,49,0.8601328651073887) (24,94,0.9424729517714528) (3,53,0.8217730369406977) (58,62,0.856103758100689) (58,74,0.7561172014698506) (33,20,0.8102714779492677) (74,93,0.8327377238648223) (7,38,0.9157572783562775) (47,73,0.9492441080937982) 
(92,22,0.9051121231376309) (22,68,0.9032007471149451) (62,26,0.825598832316593) (28,37,0.9100731666100124) (49,39,0.9297284669656337) (70,51,0.7606349615536412) (70,60,0.7686624642204664) (81,90,0.9388832558163965) (69,42,0.8694827139818635) (51,63,0.8278466488925963) (55,39,0.8664155419671907) (27,95,0.8401418546938627) (57,39,0.8070659370931539) (39,11,0.7665424030647595) (64,69,0.8026844510948898) (19,23,0.7598610010491733) (39,24,0.8419351904436602) (74,31,0.9002734443947746) (7,29,0.897456847249527) (17,97,0.7653552146452277) 
(26,75,0.9278143580651872) (24,33,0.7873478412374085) (86,0,0.9426753405337378) (55,70,0.9237115084440125) (29,28,0.8236393450565153) (54,88,0.8075424430812618) (33,88,0.8030972008845432) (56,46,0.8175504021370366) (54,39,0.8754875190124716) (50,97,0.9142402589303519) (80,34,0.9095206741802363) (50,86,0.8700550039886805) (34,55,0.8606203357700012) (27,34,0.8867482187682024) (57,97,0.8467141113785943) (26,41,0.9136930659259622) (88,5,0.8764446625472119) (64,94,0.7711511545750803) (66,58,0.8325351294606345) (49,79,0.8665860924734053) 
(4,74,0.7552582502417747) (85,78,0.8144316863495185) (12,80,0.8115862133808558) (65,18,0.8556378957775203) (18,11,0.9167960215685135) (65,4,0.8492031155017323) (39,85,0.8506109218422978) (32,44,0.7783652940888733) (91,39,0.8028029217884277) (78,93,0.8200401036393059) (78,24,0.8761935054344195) (47,31,0.8532320692459878) (60,96,0.9499958565418749) (44,46,0.8176874431633101) (97,85,0.8415037132653923) (67,60,0.8817414419046522) (91,83,0.7828065173687316) (55,22,0.858547755377247) (21,20,0.9235186437448939) (22,71,0.7518241264700678) 
(42,76,0.7800227044446266) (86,94,0.940162787079724) (75,1,0.9441227833236023) (79,92,0.8878598378005053) (15,4,0.9322630157476612) (77,64,0.7686758547789813) (35,44,0.900865543302903) (36,0,0.837615544412218) (84,88,0.8833195492427373) (86,81,0.8442915892605973) (92,70,0.8883154991178593) (69,36,0.9284870220271123) (94,15,0.8713260553730758) (18,63,0.8036338961598772) (21,54,0.7517469816906867) (99,51,0.9436142259695306) (23,52,0.8802883880928973) (74,73,0.8837370420708174) (78,43,0.8294883599812949) (36,89,0.79941768350833) 
(52,99,0.9056330892532777) (46,18,0.7741374174770704) (76,67,0.9085044743384605) (54,11,0.8478155706975647) (82,32,0.9287811353924633) (70,98,0.8396961057038634) (93,65,0.885405683909011) (75,57,0.9286016870338804) (14,60,0.786063322951032) (15,24,0.9264612996724229) (97,28,0.8594940226588395) (40,3,0.9119256964584516) (35,42,0.9060527133991197) (38,69,0.8220956602288954) (45,72,0.8380370033808588) (41,72,0.8936670842828982) (82,79,0.9062295488253744) (67,13,0.7971817589638461) (78,77,0.9351575017884759) (46,8,0.8835296081489316) 
(37,27,0.9359550756119165) (85,90,0.769844687047561) (27,20,0.7915244187411664) (83,60,0.9483995988814575) (31,59,0.8438121848729165) (74,12,0.8949566813021375) (52,92,0.8763152904417644) (48,27,0.921881079765217) (7,88,0.8689234942326988) (13,1,0.7541095556869171) (48,35,0.8848727158967316) (41,44,0.8922032445383685) (52,8,0.8865355023370493) (28,72,0.9190237551094833) (74,36,0.7761390748969375) (81,30,0.9383455924127053) (64,42,0.897611924758924) (16,57,0.8595318989012004) (25,56,0.8497981990064187) (28,85,0.9278283566224119) 
(29,92,0.8395541552265805) (9,14,0.788346934231876) (93,53,0.9097262863664555) (62,79,0.9164435829543164) (70,7,0.9461087355824451) (79,60,0.781113521321046) (89,28,0.7789680079825353) (38,74,0.7891197566869768) (5,29,0.782952316485187) (29,11,0.897827125709386) (59,60,0.7912277524414267) (65,8,0.7836018618165108) (97,56,0.7565910594938242) (77,57,0.8951848489804929) (61,8,0.803579000297178) (16,66,0.8749762891066778) (8,89,0.8507243046012734) (60,3,0.930714394706304) (8,84,0.8272937620958273) (5,32,0.9420727881642563) 
(19,90,0.7864730225836358) (73,35,0.8765603862924846) (23,13,0.826055335761159) (8,46,0.7853633790227342) (46,99,0.9394017123061256) (68,45,0.8257713010286014) (13,27,0.8479716051332231) (79,96,0.8120702150194123) (65,25,0.8120635992429852) (45,48,0.8466343166708762) (28,63,0.9108509706459994) (63,46,0.8904447422320633) (41,68,0.9446128248577584) (43,25,0.8259422028958854) (94,62,0.918030947707794) (94,61,0.868780484310363) (88,89,0.8290183641731457) (8,31,0.8911178952797472) (51,70,0.9380701842297583) (60,22,0.9461711001090709) 
(36,34,0.870563873478809) (94,17,0.9146258118206516) (66,10,0.911166719961408) (8,71,0.9113809038910519) (7,4,0.922282277081048) (10,75,0.8620749409060398) (1,50,0.7682524957408514) (24,35,0.8897976002163901) (77,12,0.8535672207763076) (94,18,0.8652944861182792) (43,85,0.831071025444218) (60,55,0.7839640458008124) (68,92,0.9477984482989739) (7,80,0.8872019912161413) (88,45,0.8895086190189564) (5,44,0.8559279226529236) (45,90,0.9060587282513943) (53,20,0.8989699850917778) (46,16,0.9075018411263425) (66,62,0.8081486287622084) 
(30,85,0.7509363304644867) (70,22,0.7558333094572242) (52,7,0.7999480261104326) (8,33,0.9126892892592483) (3,85,0.7580144218825956) (64,23,0.7878897068350509) (28,52,0.9189566844665212) (16,55,0.8263558212248767) (14,63,0.8947965129014674) (85,99,0.8414380419964255) (60,47,0.9200996030715982) (13,45,0.7960404933971873) (86,22,0.9467396761146187) (8,44,0.8682233033129948) (91,67,0.8967922492254143) (45,60,0.7637489215318708) (47,21,0.7737265653342451) (82,76,0.8007050589187136) (19,1,0.8419718568029098) (56,60,0.9229520052456474) 
(54,56,0.8578184388694086) (84,64,0.8449262327472843) (24,71,0.769505224822906) (87,36,0.8264563419009822) (39,56,0.85628585549667) (87,50,0.8757454247544607) (38,88,0.8522221183296572) (18,63,0.9329457716162075) (75,91,0.7710401826084243) (14,33,0.8817980851188346) (34,89,0.7942859674007082) (37,73,0.801357442880034) (72,21,0.8525180850707317) (26,57,0.944083066219572) (0,7,0.9302357938788903) (68,42,0.7955665328237349) (20,75,0.9180214769271218) (23,27,0.7881789153326604) (73,78,0.7766198844360014) (20,13,0.8006261443881872) 
(50,56,0.8158688031222984) (76,36,0.9172080879940758) (30,71,0.9039719602158709) (11,87,0.8700425070758476) (97,58,0.9215128443625378) (64,78,0.8509617056311536) (91,73,0.9369992571803608) (47,86,0.7787938364159787) (34,53,0.8115621749586119) (13,59,0.7582450306398439) (21,57,0.8905357368085507) (57,61,0.7627094523117907) (62,32,0.9004169087837893) (53,19,0.8887641295089534) (39,55,0.7731566511085781) (65,73,0.8001118813209773) (1,76,0.8593789307516947) (26,27,0.7813705822543577) (52,6,0.8233765325621877) (48,70,0.8380626204765126) 
(28,96,0.909052348552878) (94,19,0.8274396318523181) (72,8,0.90601758393722) (75,47,0.8170185609428233) (33,93,0.9305451100581783) (34,15,0.8906490227969532) (24,40,0.8695506154742358) (82,37,0.8598041530937763) (75,79,0.7512918639795856) (26,69,0.8610835657637601) (7,36,0.8211563378320815) (80,91,0.7881890488015355) (19,52,0.922725094995847) (15,64,0.9453711491556411) (62,67,0.9206762868103632) (56,91,0.8265253807324102) (26,31,0.7891461828515657) (78,80,0.9439567171407437) (81,47,0.9329646758261152) (25,83,0.9393459068222465) 
(72,74,0.8198003609576718) (29,97,0.7565039379237862) (79,46,0.9152156180155289) (10,39,0.806736944220577) (57,35,0.8427799366553952) (23,10,0.9385174054861223) (8,11,0.9003812073458656) (78,48,0.8596768816826653) (53,16,0.9448829855530654) (90,11,0.7779847688230744) (6,77,0.9019452056466597) (50,87,0.8550866008432222) (65,75,0.7952703390871696) (33,69,0.8952008965782401) (99,41,0.8328827943551542) (22,9,0.9340950222603944) (48,56,0.938567734264647) (13,98,0.755892743414352) (55,28,0.9147098006134374) (4,84,0.8075708722119441) 
(19,57,0.8635086835571113) (35,69,0.7566303675220314) (39,87,0.770959462317363) (28,0,0.8374562835739078) (71,72,0.807964467648436) (80,5,0.8209919244125246) (4,20,0.8241693398644041) (27,23,0.8823150994144813) (48,24,0.8262972081699522) (90,5,0.8482959647134938) (57,95,0.9338720025299234) (14,85,0.9459128634646919) (66,37,0.8186213512760147) (62,85,0.8924896228470982) (22,9,0.9257722252264368) (94,10,0.8177991197283676) (0,73,0.8438689614554824) (91,21,0.753952999906425) (40,62,0.888227216823877) (74,7,0.9438179645010856) 
(15,7,0.8649004777397317) (54,84,0.8487695056961597) (77,60,0.8205433609135229) (66,52,0.7774141803978781) (11,57,0.8691400173122384) (72,23,0.791479281447094) (97,8,0.7770760746278247) (24,28,0.8623481684676617) (94,28,0.8185262520141416) (80,33,0.7667112469430715) (77,4,0.9027130959516109) (30,7,0.9013332609551209) (3,17,0.7904439709763691) (49,97,0.9063218980538565) (3,66,0.9315364573991332) (72,99,0.8549256397317224) (66,54,0.7895885356355441) (44,36,0.9226852920642576) (94,77,0.8588865781509977) (73,50,0.8887827447136768) 
(56,15,0.7810485883776289) (36,69,0.8227951665432365) (26,72,0.8397300781651379) (33,76,0.7788956448675067) (11,10,0.8876482386288679) (58,70,0.8286705083998542) (8,4,0.7667728338005014) (52,25,0.9487700695874955) (99,54,0.7577504099982052) (63,1,0.7980985675536777) (4,72,0.7898389790404932) (45,84,0.7505031707234309) (33,61,0.8099021143466478) (59,1,0.894215171854326) (12,55,0.7916519496892289) (13,87,0.8447068178146915) (40,67,0.8956595702399288) (93,61,0.8107818197030223) (65,99,0.7580194659123451) (15,9,0.7794181174079301) 
(79,49,0.767298763594364) (31,93,0.8499565324344373) (84,31,0.8862592790105583) (18,36,0.8640869669647296) (2,79,0.9434360246252431) (20,58,0.8822014461990844) (25,4,0.8450302745210774) (51,59,0.8386085135330591) (18,20,0.9088597174268536) (30,84,0.8841211142019264) (31,82,0.9303703860533626) (45,27,0.9484406266841667) (16,39,0.9177702338068963) (48,90,0.8606904280554591) (26,91,0.7563882646418654) (81,57,0.8330603219134699) (22,80,0.7884661957257258) (68,87,0.8817393321527994) (23,78,0.7952873195260626) (92,61,0.8297596649195014) 
(66,60,0.8645131862849293) (56,15,0.7864175373434633) (35,71,0.9117444075179688) (45,87,0.8121364990518322) (92,64,0.903066660522228) (39,36,0.9439171370445305) (47,13,0.9359240570944545) (13,78,0.8173134291748942) (26,65,0.7635569117625347) (73,88,0.7906314996386063) (13,56,0.8506109619103395) (24,72,0.8370782888889091) (82,1,0.8635958680188458) (80,4,0.8238457650753638) (25,78,0.7871582539021241) (94,9,0.78681562187577) (19,45,0.9129920084898429) (54,70,0.8158495992030614) (45,84,0.8951968140445543) (84,13,0.7961689960594897) 
(33,11,0.8727953286824301) (60,29,0.8984579148137747) (34,42,0.896701613323272) (44,11,0.9258648664800108) (0,97,0.791744092829934) (57,22,0.7571876791999339) (68,15,0.7780343982434863) (21,66,0.8502889372054391) (79,57,0.8044260417040134) (44,42,0.7897512628671054) (62,74,0.9009856749088834) (47,45,0.7867071626875967) (83,23,0.8926957086049773) (3,10,0.7656455454125071) (86,50,0.9271230813212947) (30,52,0.9418496435465665) (73,2,0.9465808873163031) (89,8,0.8710885246740744) (35,52,0.7504517789216621) (45,81,0.9161806942073517) 
(34,26,0.8661656055666319) (50,19,0.7602553320468562) (20,15,0.8628403102959644) (24,33,0.8564407220763726) (85,60,0.7961065354315886) (16,58,0.8029574905104975) (37,10,0.8141050358137891) (34,89,0.7972699761665601) (24,17,0.8161321035266148) (11,77,0.945312747139941) (26,90,0.7853944395933988) (94,25,0.7574559424360371) (86,2,0.8173085142557367) (29,4,0.7618629126749848) (97,51,0.8339942394861879) (32,83,0.9450806100584226) (10,1,0.8811630576976754) (2,99,0.9024761336352456) (14,82,0.9090504213137396) (0,41,0.8831233718340461) 
(6,46,0.8194182216821524) (40,74,0.9212492229344204) (39,5,0.8307424938979574) (1,26,0.9383520130968999) (68,15,0.9197458742906384) (43,66,0.863270353014996) (72,98,0.9158399916758447) (59,54,0.8703629899223273) (66,31,0.7988573497581262) (83,9,0.7715876356492685) (71,63,0.8422132858331742) (3,27,0.9119825415434538) (68,38,0.9251279229158587) (45,25,0.8557523505027982) (5,85,0.7580252058296263) (3,0,0.8220054248410433) (67,37,0.842532921964041) (74,0,0.8085987887051065) (28,7,0.8794474064915695) (99,39,0.8163353287360868) 