(4,42,0.8673390379900282) (71,67,0.852735265195222) (2,1,0.7716278904640441) (30,81,0.7790908658883627) (31,58,0.8595618543314811) (60,93,0.8139146137816241) (9,31,0.8760943150222797) (64,3,0.8105078568640877) (35,4,0.8412398290503069) (79,1,0.9109464777535667) (19,71,0.7943848914141958) (69,26,0.7878915021090249) (75,76,0.8824857498642884) (94,3,0.792273635628723) (48,82,0.7726211435800511) (29,16,0.7933609708116405) (14,25,0.8068512680641755) (30,55,0.9150434373029975) (51,66,0.7740988094599031) (28,5,0.8987577411368654) 
(82,30,0.8390015902265636) (29,94,0.7991171898916679) (85,35,0.9070648324995725) (66,35,0.8627063424730211) (48,61,0.7561964568155561) (41,62,0.9327298317205039) (8,55,0.8335004899292991) (98,81,0.8227946719883789) (68,60,0.8472674985488976) (3,63,0.7579882778343571) (22,11,0.8679870374837408) (12,4,0.783672520789819) (7,79,0.9480753134877997) (4,51,0.8794271209042279) (60,55,0.8801613558263166) (26,84,0.7971660507093515) (7,63,0.8270098865367366) (76,77,0.8439684998665207) (11,74,0.7886543298902591) (93,0,0.823513314604222) 
(3,27,0.865762397321642) (34,75,0.8157250023672536) (80,87,0.8143027695528994) (39,85,0.7719979958918324) (76,99,0.8922418404629766) (89,32,0.7753182844932814) (45,72,0.8014966314832871) (83,95,0.9466379456239862) (23,84,0.8133077301553504) (72,71,0.9438744126865688) (10,75,0.7769325760829453) (24,25,0.8377415539869788) (63,65,0.850499128248407) (38,50,0.9423786733078179) (35,1,0.9404760065431261) (98,57,0.9358055565611699) (2,62,0.8187280725292824) (50,85,0.7829669207902719) (98,66,0.8865094539277921) (99,28,0.8587709202508254) 
(41,87,0.9435637646653572) (29,73,0.8633484524965581) (5,38,0.8899886270975091) (60,80,0.8621061756577836) (18,46,0.8348802914595065) (61,47,0.8960702210025923) (26,19,0.8227634929343313) (86,10,0.8293027701031075) (81,0,0.8827444113365017) (5,27,0.8302878545247668) (94,33,0.8960004742540966) (15,60,0.941944141836127) (51,64,0.8212055459655372) (36,84,0.8085058272510339) (22,62,0.7811747897909407) (52,21,0.8488351427000724) (62,93,0.8689267868179854) (93,12,0.7967152463263357) (39,69,0.8938202445753839) (71,26,0.8692138942539801) 
(30,23,0.7601355024423122) (77,31,0.759540703213291) (80,79,0.9034054122589639) (28,82,0.895458346086011) (36,78,0.8417363200630537) (41,0,0.8486930345856837) (73,21,0.8966292913940412) (11,64,0.8855142802052658) (29,49,0.7960172020403209) (12,26,0.7934121051212526) (86,10,0.8681708133942528) (84,35,0.8873714788854631) (36,86,0.8522656439864832) (11,17,0.8393361444721432) (79,37,0.944089698206646) (30,15,0.8477853729552738) (67,1,0.7558593498143844) (40,84,0.8288703081041866) (55,99,0.8682058313622557) (71,49,0.7678241576855014) 
(51,11,0.8976031844765986) (42,52,0.8662404080426586) (26,74,0.7626476701777105) (90,66,0.9387432033883003) (76,71,0.8624217247154958) (81,85,0.8711983795379457) (21,26,0.8228760810968525) (21,10,0.8345640311325724) (74,18,0.9272637529587793) (65,7,0.8461261890824077) (77,72,0.9041131160745524) (36,67,0.8083822933751484) (54,15,0.7518486694633127) (83,35,0.828065505987575) (74,12,0.7938320238535305) (59,54,0.9024135511690943) (57,95,0.8556200626595785) (4,34,0.9007710724688468) (95,83,0.8653249901739325) (6,3,0.9213706207053614) 
(28,26,0.7591752418796751) (83,19,0.8273489057192133) (49,17,0.8986406874624583) (94,42,0.9180366883537804) (37,38,0.9459436364981288) (84,31,0.8878710806679909) (68,44,0.805281219142205) (68,85,0.9210876171267391) (56,45,0.8984491123116217) (84,41,0.803472720114536) (78,11,0.7618714491974672) (80,27,0.9364616806311155) (8,31,0.8698219456682258) (38,0,0.9374211750807324) (47,81,0.8303929998355519) (98,16,0.8351388908489489) (90,88,0.8365117951142198) (54,93,0.9039768697834685) (46,97,0.8854293200281953) (24,73,0.9285455226978748) 
(50,24,0.7513460460180257) (89,73,0.8053059896428657) (24,14,0.8504080254709256) (65,61,0.8879297493669764) (29,61,0.8891780108550504) (25,6,0.7819053632683199) (47,84,0.76133760643722) (28,30,0.7890718635244344) (94,43,0.8089625615098449) (83,99,0.8284156236895343) (29,44,0.7659155317859523) (1,16,0.9149014350684701) (92,0,0.8180441221839982) (42,93,0.8547893786741503) (68,43,0.8212130636184115) (37,3,0.850022473191417) (57,50,0.8826166887061686) (54,41,0.9360201292951087) (44,54,0.8274787407944002) (60,32,0.8319255282970748) 
(97,59,0.7651627402603518) (34,73,0.7734239169590411) (94,27,0.8755622031059974) (42,5,0.8459531639772632) (20,90,0.910556516449288) (26,37,0.8384471770822747) (42,96,0.7600888957909341) (33,48,0.9337599804511572) (69,94,0.844796561609145) (19,38,0.7853502105137303) (5,10,0.781323507321716) (42,7,0.8287568354675533) (26,17,0.7830787450707307) (95,64,0.7996574180610682) (39,13,0.8975129875954009) (11,92,0.8931371023723976) (65,95,0.8287000246860932) (46,98,0.7601548367378078) (62,4,0.8493409319285365) (4,32,0.7832948760351226) 
(29,0,0.7584802170761568) (79,47,0.817044020790737) (68,51,0.8456328540465484) (13,43,0.7984097281966912) (77,59,0.8282582651121791) (96,63,0.8474495114695003) (28,30,0.9455550571657209) (82,44,0.8120319725297902) (60,81,0.9228822968419736) (39,55,0.8555208887826804) (57,33,0.7520870685435276) (45,24,0.8361541644761821) (16,46,0.9218488112853895) (52,93,0.9057260269392102) (25,58,0.941892680910158) (58,30,0.7992076824348726) (74,69,0.9074872858136832) (80,87,0.755487598857662) (80,94,0.8935313782866982) (95,78,0.8907242798327304) 
(69,89,0.8048193273363352) (38,48,0.781572817657564) (53,73,0.9338569707265484) (28,5,0.8848681205393237) (27,92,0.7520712215028971) (46,35,0.8255204261177882) (26,99,0.8311781965776562) (29,84,0.8438056107622094) (75,95,0.8389023467061211) (75,52,0.7611952410632492) (64,11,0.9456639402090762) (21,95,0.9300149538468081) (22,68,0.7817426166299131) (52,20,0.7564656395727136) (80,42,0.8468117927902383) (69,15,0.8977961028406656) (13,0,0.8134264154992598) (45,41,0.7921147862234102) (13,15,0.9127733576781838) (29,42,0.782531791932003) 
(5,51,0.8185882428911215) (19,38,0.8398882122892651) (46,12,0.8111603551813032) (82,47,0.7821218369739685) (56,72,0.781335504822416) (59,90,0.847919866090967) (52,91,0.9274092071315442) (71,42,0.7718697054634185) (44,2,0.7989484804461146) (1,61,0.8534316162439572) (74,26,0.771448929576341) (66,59,0.788393430149485) (82,10,0.8508252211902241) (51,43,0.9207237273392365) (80,27,0.8775984980618697) (25,7,0.7615514847121566) (2,39,0.8835495515715684) (75,28,0.7636065991448099) (4,80,0.762381804307995) (49,30,0.8797439790111988) 
(96,57,0.8726132906816004) (20,71,0.7577824195707085) (49,76,0.8267332366428128) (46,62,0.8773380188334686) (4,93,0.892649463174659) (62,90,0.9473538085583723) (45,13,0.9288921395714589) (63,61,0.7903294514782668) (48,61,0.8909496558941765) (87,6,0.792399905637738) (78,99,0.9298877924853626) (92,98,0.9421716249852083) (76,36,0.9447616055480365) (88,30,0.778383082693287) (69,50,0.8553476581494076) (31,47,0.905105947384571) (98,61,0.9336447254503143) (54,94,0.8699757015817702) (64,70,0.8874644533319163) (87,36,0.8590498357262879) 
(11,35,0.849925137225996) (10,66,0.7891133680526331) (55,21,0.7710434243611844) (71,34,0.7567755969223174) (24,99,0.7973935942841314) (5,31,0.8471464168129355) (68,13,0.7953678133894511) (96,61,0.9054266406205856) (2,88,0.8878388722317199) (89,74,0.934607218287634) (29,30,0.902048697970545) (33,26,0.7857060722674055) (85,26,0.7687598671206415) (1,42,0.8336924429054936) (62,72,0.8434493933112368) (78,68,0.7613643100891203) (47,93,0.8922795101623971) (72,49,0.9239681005424774) (19,65,0.916863307815788) (22,33,0.8485694327413429) 
(65,36,0.9200900463439234) (31,99,0.9270219654553534) (47,2,0.9005548950827684) (31,16,0.7521046673001354) (43,34,0.8459635541219995) (21,87,0.8672698663730458) (62,58,0.9408180106701451) (18,15,0.8049268314092716) (23,51,0.7512135065622219) (6,9,0.8333381302166674) (86,40,0.7860514894773993) (39,83,0.8219004055480637) (65,55,0.7945147750126534) (17,11,0.8171521263755127) (82,99,0.8951735761843358) (68,2,0.7645499026054997) (18,39,0.9024786833432192) (18,24,0.7889729142361545) (15,87,0.821506780689983) (9,36,0.9428535919612103) 
(86,1,0.8531465658643498) (87,16,0.9479816479663746) (68,2,0.9124322264715692) (19,95,0.8381379525803904) (79,19,0.7528896546660926) (52,97,0.8711847351255332) (64,1,0.8540787735564658) (40,32,0.8375523720985509) (97,10,0.8743119867516691) (53,48,0.80772234810736) (81,54,0.7866939173216556) (45,67,0.8317593460472053) (96,85,0.8295870489337507) (72,78,0.7632441215953986) (38,49,0.8018584155112516) (65,88,0.9233327635576962) (35,87,0.8361126963897065) (70,22,0.946647277512823) (50,34,0.8174907501313218) (83,48,0.7783372257393494) 
(91,84,0.9156411251173691) (20,52,0.8904383065996354) (54,73,0.8357943487285802) (52,87,0.9128740049494468) (97,57,0.7916376733188615) (94,65,0.7554762600881453) (30,90,0.8322516370039764) (45,96,0.8780092382794806) (23,55,0.7679356655811893) (45,76,0.8815420710630779) (1,30,0.9192314865882356) (54,68,0.8921042074786941) (85,11,0.7727467533681281) (63,17,0.855047068827853) (13,83,0.9051769699309399) (82,62,0.7883806491215914) (75,1,0.7542346549696725) (95,96,0.8000661914122796) (55,45,0.8075706834146278) (40,87,0.7984633204927943) 
(84,52,0.8463663186294088) (43,63,0.8061529994211016) (70,12,0.7689454849541848) (54,97,0.777819993794534) (95,98,0.7794602761827776) (78,28,0.7733903296005881) (57,32,0.8671863572168327) (13,42,0.9073547778923914) (13,21,0.7752389480027547) (57,54,0.9194538356758537) (18,12,0.8537885520736116) (55,19,0.8614459659166505) (76,75,0.8806693728426229) (76,50,0.8302145665554346) (90,99,0.8248085419479345) (55,76,0.7726402849673393) (53,96,0.7728672063789059) (87,34,0.8967096617743597) (14,59,0.8999332797942906) (32,44,0.9122904525171421) 
(90,89,0.7977326994769441) (0,8,0.8174098145962533) (98,87,0.8238690749707469) (69,68,0.903522700221121) (49,89,0.8204867816850822) (8,86,0.9490781345163402) (37,2,0.7637614165122564) (81,31,0.7886580254152422) (2,56,0.7824154738016624) (34,7,0.755984645822471) (86,14,0.8446245600009274) (9,75,0.9465884685036555) (19,90,0.8515343790148944) (74,4,0.8717246462698275) (28,93,0.7795469724675451) (59,89,0.802992523542724) (36,6,0.8873050844452448) (83,20,0.764443833772755) (33,8,0.8995946308810275) (16,72,0.8816695092965029) 
(54,93,0.8657759252102187) (6,49,0.9330002154278256) (20,7,0.7817929585998818) (11,16,0.7738933773453055) (5,86,0.844822753137545) (91,23,0.8560916144031867) (15,43,0.8867702871947942) (13,12,0.9010895068375986) (48,2,0.7744057115169279) (81,69,0.833639631770752) (69,66,0.8395033038295242) (69,96,0.9185415652174244) (34,70,0.7877568543561337) (65,49,0.7863895192177434) (87,86,0.79883756541804) (5,95,0.7882366193258532) (15,61,0.9340125892401878) (40,55,0.8681424859105701) (54,12,0.8960968127795219) (31,27,0.9118675930615548) 
(24,73,0.8469054323520255) (23,82,0.8247058938474944) (13,72,0.8105713714767891) (65,91,0.9222765014054808) (23,40,0.9453879290048111) (62,32,0.9473969749514399) (36,38,0.9484077779635762) (37,43,0.9358937744131377) (81,62,0.788129879229954) (18,43,0.769456184806779) (24,28,0.9134538164769109) (0,92,0.8684467839997867) (39,25,0.8642504360884087) (33,7,0.8179195655799831) (36,2,0.8350380313434014) (69,46,0.7917801131015888) (82,38,0.8360595244953934) (50,3,0.7832817402360656) (95,87,0.8401386370979509) (75,11,0.9181185279160163) 
(42,63,0.9163857192773148) (64,33,0.7746192405585289) (56,88,0.9322812754649248) (62,52,0.7666459440903443) (86,37,0.7771824379847543) (48,66,0.8347308506624855) (79,76,0.9478741703909906) (59,55,0.8955030286983878) (79,4,0.803276544593511) (81,27,0.8934476908390834) (60,13,0.8174227695850208) (85,49,0.8420213489356545) (78,26,0.7925769551945266) (49,37,0.9385682291592444) (22,86,0.8882292038024648) (68,53,0.7878017906866368) (33,30,0.931462648429486) (3,32,0.9004822847684909) (69,48,0.8937361280433633) (31,34,0.931154307483505) 
(35,87,0.8774327998514637) (3,60,0.7529497646330227) (45,76,0.8585579055312762) (85,43,0.8419606921905394) (8,87,0.9300067012151387) (36,33,0.9010685713462522) (85,26,0.8078275298883977) (91,45,0.8631546371961982) (31,75,0.9037628030176879) (75,30,0.8722900617567403) (92,44,0.9263919054139966) (84,87,0.9119545902153787) (27,29,0.807609889781606) (60,4,0.8375646148556072) (26,28,0.873320196144458) (44,67,0.785894755434842) (8,69,0.8161840214827278) (50,14,0.8558090119843907) (35,22,0.888143038829292) (37,17,0.8002199966955053) 
(4,92,0.8496641974810856) (98,3,0.8871202263760023) (85,41,0.7930053395495578) (9,46,0.906856507922883) (65,30,0.848209616609753) (55,40,0.8570465295423547) (12,36,0.8369580175950241) (64,19,0.8855494759596984) (70,30,0.9350349695507035) (2,67,0.9264255245906715) (71,93,0.8760335818063427) (54,74,0.7810527579021118) (35,83,0.8217722481267333) (55,23,0.8875425967591084) (5,24,0.7758812972313059) (74,15,0.8719842483173522) (42,47,0.7539263311799924) (76,24,0.7588575615786518) (96,98,0.8602950546507476) (19,67,0.8138767004145063) 
(42,37,0.8379608776633491) (33,11,0.7602070636731569) (56,40,0.7794669387887809) (67,30,0.8965597135379835) (55,21,0.8645796755585226) (47,32,0.867593641803514) (51,31,0.9390210394425718) (13,7,0.8762395255207135) (13,87,0.8479362322883636) (69,2,0.9405519691398856) (14,27,0.8719624673952335) (10,13,0.7778770571672435) (26,74,0.9239101234338657) (69,17,0.7869219592998384) (2,60,0.8923122848311253) (79,17,0.7961313756137348) (37,38,0.7650303104454719) (11,18,0.7673907097084057) (45,39,0.7790424989788887) (75,50,0.9150875375535051) 
(58,34,0.7867582963904827) (8,24,0.8155652891214498) (5,62,0.7904969006449943) (30,29,0.774580457054477) (28,68,0.8682504921831494) (53,97,0.900225918238244) (37,55,0.7733682261482145) (56,50,0.8848706997421124) (70,31,0.8055458413155584) (40,13,0.9462515605954996) (70,32,0.903067049879558) (79,77,0.8136345512873776) (18,21,0.8700685491371474) (48,72,0.7962136177719032) (13,0,0.9407596135116615) (19,71,0.8048297875278467) (29,50,0.8831471263641567) (36,85,0.8107194490816534) (57,78,0.9343600834685237) (11,8,0.7769332402245841) 
(40,67,0.8468136310015719) (47,88,0.866671351268149) (86,47,0.927939114574195) (23,68,0.9277522067781429) (55,36,0.9279817496298947) (42,93,0.8620450669840382) (32,80,0.9297840096110127) (14,91,0.911509886598991) (15,4,0.8751834072089919) (46,65,0.8589602052609232) (92,9,0.9074626555919936) (93,79,0.8460829028526473) (64,8,0.9108377818604603) (24,72,0.8280335084590342) (19,35,0.8029876638833059) (7,58,0.8744178518835579) (22,45,0.7798567537439176) (64,59,0.9256392780647537) (73,36,0.7813140354389598) (32,56,0.853271877864017) 
(82,92,0.7853321780394049) (71,98,0.9422825914610231) (73,3,0.8342801184742193) (8,39,0.7678879161294963) (12,32,0.8413176190705628) (90,16,0.8464562411198053) (45,16,0.82912938560226) (56,2,0.7582234560953045) (0,9,0.9125256255220567) (39,93,0.9364049249047258) (15,5,0.8154821278140036) (60,76,0.7976053905228626) (44,71,0.9059283079067256) (78,70,0.8341534663533346) (86,9,0.8949788224984973) (30,69,0.7540998958415289) (24,11,0.8791576564440027) (23,31,0.893554081958892) (29,36,0.7864877574639662) (78,40,0.7890014703697504) 
(42,5,0.7663322154964373) (26,8,0.7892631768426422) (59,40,0.9107537173226465) (12,61,0.8426482904532708) (85,14,0.8992080202458501) (7,87,0.7791985797421215) (40,92,0.8469609315868973) (52,84,0.8276663581991696) (20,5,0.8274506244494486) (95,91,0.8981049213404806) (64,67,0.8948987033992436) (54,71,0.7728144442094035) (87,85,0.7944914849168936) (11,84,0.8235893355813835) (45,98,0.8414313786361222) (0,53,0.7583057770481327) (64,66,0.9112389182278289) (66,4,0.9261773047412737) (24,42,0.8244059967971229) (82,44,0.8737247491446717) 
(15,6,0.753696783150963) (91,33,0.7917113985591773) (83,54,0.8595083732307511) (3,83,0.895714165266706) (63,5,0.8870340621932917) (24,91,0.8053464689626423) (77,94,0.9201449822310312) (87,27,0.9390077156460132) (4,28,0.8334031391986007) (98,35,0.7990150840258388) (66,55,0.7854655622040791) (28,57,0.884318635047904) (61,48,0.8056258715498726) (48,87,0.8910377958091893) (84,54,0.9003902203740701) (54,80,0.9077888969438228) (57,16,0.9249135164773141) (1,21,0.8000890203918964) (63,29,0.8018692208510635) (38,88,0.815315443811624) 
(31,57,0.7675642704396685) (68,29,0.7545032464655177) (33,41,0.8852546056815607) (14,64,0.9270518722272153) (98,0,0.9150534841428589) (43,1,0.9112264535216544) (95,88,0.7962643943380217) (59,79,0.7960422791849202) (5,75,0.85122363709949) (1,89,0.8200595818101962) (35,95,0.8683765130818817) (93,72,0.8788639077149646) (99,82,0.9068641728739438) (9,60,0.9072028879915933) (68,58,0.8698742914550845) (4,45,0.762331890879837) (41,53,0.884585701385887) (52,54,0.8717078727823883) (13,34,0.8940434320855554) (89,27,0.7593986116941296) 
(13,56,0.8942544413654195) (79,16,0.7564020277125914) (10,3,0.8874316328917908) (23,70,0.7876013591240456) (55,94,0.8092753601591522) (92,53,0.769009593240762) (33,12,0.9499120926611757) (65,37,0.8096772605090581) (69,73,0.8230058751121193) (9,29,0.9021751574229012) (24,91,0.9243259911245698) (17,12,0.7844849599244416) (34,54,0.7933071438788937) (21,8,0.8427363579277849) (3,2,0.855459790076119) (11,48,0.9227484617790379) (51,71,0.7697103064734577) (23,63,0.8737035028080145) (22,32,0.8476061931915169) (73,55,0.8226892742697154) 
(73,35,0.9232919725557807) (43,41,0.9383194458841574) (42,19,0.867159448968772) (81,63,0.7539662050375247) (39,53,0.8500715447703572) (99,13,0.8076031953870564) (43,28,0.9453799755487368) (86,30,0.7762141553672859) (25,5,0.7738055111666824) (55,47,0.8870700242371387) (64,44,0.7811783366831615) (31,68,0.9254037466495598) (66,40,0.7801393083690978) (54,47,0.8129527175367246) (87,55,0.9108113900181359) (4,47,0.9448332496119565) (60,13,0.9202154053374336) (98,56,0.828970796646181) (52,32,0.7770853004741006) (43,33,0.8535341807092547) 
(12,0,0.8685129008762735) (12,92,0.751175927460618) (92,15,0.9109266580275274) (2,81,0.9413562794816154) (33,0,0.8622495584010136) (85,83,0.8946802046549125) (25,90,0.8223808951290215) (14,83,0.8220288449635437) (58,3,0.7874399258799248) (3,59,0.7547834863959371) (85,44,0.8427069720130193) (2,95,0.8494785722444935) (94,3,0.8139690106745159) (64,75,0.928032618825381) (58,4,0.7748623841373746) (9,4,0.7836448870938848) (0,37,0.919008817763691) (1,85,0.7934375922257186) (55,79,0.7735162709728967) (74,45,0.8905832128323894) 
(19,34,0.8358821719549135) (92,5,0.7641899755420908) (93,33,0.9093362409673696) (75,29,0.8770582103841704) (51,21,0.8523037402995891) (67,63,0.9314170618494972) (46,6,0.9133523210318333) (30,89,0.86738284845972) (25,60,0.8077250214179124) (28,81,0.8290123075724172) (52,99,0.7794230167308688) (87,11,0.9451471490607104) (63,86,0.8317791305527203) (25,9,0.8795424324968164) (70,14,0.9062690618187901) (0,79,0.9319465060253159) (43,80,0.8453985458851009) (48,31,0.9107534633016607) (43,84,0.7712198712767208) (20,4,0.7685770221834906) 
(36,28,0.7649857630473365) (47,97,0.8484108771861216) (84,98,0.807686833048674) (98,88,0.8443083247502096) (53,34,0.8897209286220258) (28,10,0.8670228947613531) (16,28,0.8699016363719091) (41,79,0.828670230011961) (68,36,0.9153922239922719) (96,54,0.830503182906066) (31,7,0.8224572428621033) (96,88,0.8696911002847397) (94,21,0.7844295392793407) (87,82,0.9354775420132111) (13,30,0.7860223300700359) (99,81,0.9403334495315887) (57,41,0.7896665576067979) (11,95,0.834804197947615) (21,55,0.8051511283584194) (62,82,0.9489837135004402) 
(58,9,0.8720594796744179) (37,8,0.8104340579564264) (2,5,0.8917959297692875) (5,24,0.8878803818558133) (64,2,0.8574260299819738) (59,74,0.7825772459588421) (88,16,0.8290601982489159) (21,6,0.8711980785080534) (67,12,0.8446769957169561) (34,13,0.9142367290006302) (81,10,0.8576640965112421) (86,36,0.8762364098402051) (59,69,0.7953057897354722) (70,0,0.8062517759278602) (80,28,0.7998442836004838) (89,42,0.9141659594975713) (65,68,0.8996019558721763) (15,94,0.8445625552550872) (41,12,0.7872446837610153) (30,44,0.8314196889165354) 
(18,27,0.8741083444894641) (23,73,0.7553245967311557) (73,19,0.8157685524440105) (75,97,0.8062394005891078) (52,71,0.7631795799594926) (52,24,0.8509506515361763) (74,12,0.8311223195048842) (45,56,0.815163355237598) (55,92,0.7750154583115959) (55,75,0.9147563842657258) (47,90,0.7535016267030697) (12,15,0.8926828007039764) (25,64,0.8706614836879906) (62,59,0.9049841145737278) (99,16,0.9061286423494507) (30,59,0.8854028652229992) (68,2,0.8240481442011327) (97,67,0.8809567355165628) (23,42,0.8484145716806414) (73,54,0.807100829561286) 
(75,99,0.7770833068223227) (32,50,0.7662599011942107) (75,94,0.7622388035632687) (84,67,0.9172075797024711) (64,82,0.9380515065111528) (86,61,0.938042321411016) (88,19,0.9132577636459781) (57,72,0.9087571684438582) (95,73,0.8472599026799357) (77,44,0.8937902594423665) (78,48,0.9052455562654829) (77,95,0.8644997461780376) (85,43,0.9205431563304219) (74,45,0.783086506796654) (36,1,0.9176946997550017) (13,28,0.8121898660129249) (19,54,0.8259114933208554) (81,5,0.8199982338665464) (53,60,0.7512049353383253) (83,73,0.8301613722470221) 
(64,61,0.7707025357967056) (67,94,0.8124313679399865) (63,74,0.8927319778106648) (62,60,0.8970566489243185) (41,80,0.8685579309052295) (20,41,0.9458699918761927) (8,54,0.8630110507953643) (98,38,0.9045157953912288) (54,66,0.7944037991103388) (1,77,0.8459019731407856) (15,32,0.8865061950548176) (3,74,0.8304716688694626) (84,36,0.941719367094118) (97,73,0.9011787460405601) (64,85,0.8927445663527798) (88,13,0.8198751973216392) (12,25,0.930461921917617) (41,7,0.8962580483243621) (81,54,0.8519653192656359) (48,81,0.8865762236664867) 
(81,22,0.9181486501898304) (6,11,0.7711689252201589) (63,73,0.8684468245008764) (47,26,0.797047005650949) (17,71,0.758334669938114) (14,34,0.8091232779367961) (60,1,0.7549201766984742) (48,88,0.9219898114192937) (39,48,0.932689530860343) (62,58,0.8406006652468022) (49,17,0.8431318381061251) (0,49,0.8608113137060446) (46,69,0.8303511621076269) (64,61,0.8440757304327583) (21,2,0.7995934722395073) (31,53,0.8195437661548675) (62,47,0.9335178312677271) (54,9,0.8510214005195197) (76,44,0.9340444258438408) (21,33,0.7865468521119425) 
(94,89,0.7811658469134536) (66,85,0.835008703950352) (11,43,0.899208664887447) (34,95,0.79569953103931) (59,98,0.7651282634182653) (10,46,0.8037738774037674) (0,44,0.9135494099634749) (74,90,0.8789856498938741) (95,79,0.8728720700463247) (21,4,0.8639567950905612) (69,26,0.7747539954927354) (15,33,0.8319363167858956) (43,31,0.7795655175344947) (87,96,0.8820404738707577) (6,46,0.9260166271206017) (50,66,0.8775774749378792) (75,69,0.7954746128678365) (78,73,0.9092888301221626) (25,59,0.7577335407626058) (49,9,0.8451149654844499) 
(11,18,0.8692898543831926) (73,40,0.9077815352449096) (42,3,0.8002410580915256) (20,29,0.9065149086097116) (10,8,0.8003711026614618) (19,97,0.9126772672857763) (71,47,0.8643299391110212) (20,2,0.7917462657645858) (93,47,0.776349675299005) (91,48,0.8336211637638005) (80,38,0.8115147189114811) (70,97,0.7723157942861819) (57,76,0.8622446323405601) (92,8,0.8363921023671447) (65,86,0.853298511795976) (66,2,0.9374325578431011) (49,29,0.9209225806416087) (79,9,0.9126311450912045) (21,71,0.7774723276519344) (18,58,0.94328896709641) 
(31,6,0.7738879191329572) (59,35,0.907123280948519) (34,40,0.9229962438716912) (53,46,0.785828141594783) (40,72,0.8218169780748344) (81,39,0.8194300226164352) (42,24,0.7949316195149113) (77,25,0.9200745041617348) (85,60,0.7760957048536714) (76,80,0.8725233741954159) (34,14,0.8143245079122169) (32,96,0.7715573275674898) (79,88,0.7737284702396745) (33,94,0.9419471316140121) (43,58,0.8689892996119024) (14,68,0.854295476725677) (90,58,0.7534129687808829) (78,86,0.9463483371210707) (41,66,0.8751262026346142) (96,80,0.9329365957499277) 
(83,97,0.891228529134378) (36,68,0.772424831209982) (81,95,0.8482704063773587) (69,97,0.8970159371992317) (31,19,0.7551041922569361) (6,3,0.7832380925377832) (21,39,0.7575281571689422) (35,46,0.7889068099506668) (95,17,0.830244948964898) (11,10,0.8772567267984452) (91,90,0.9333365482133836) (74,61,0.8713916803951449) (1,86,0.8383702200270637) (25,97,0.8033269790766461) (63,76,0.8353488511555619) (17,37,0.8918866897863601) (17,13,0.789128696436543) (21,16,0.8156658744571641) (22,34,0.9139559657328951) (73,31,0.7976046204548846) 
(83,47,0.946816308898734) (38,79,0.77263400526585) (90,51,0.8124983792278099) (2,29,0.8971170944050938) (8,96,0.792230755756705) (70,12,0.80253034075104) (97,52,0.9072817394979122) (74,73,0.7537554413567649) (89,65,0.7744136460453025) (78,20,0.8353727139760275) (0,94,0.7784058226215028) (68,98,0.8751568690492175) (33,92,0.9123815779290392) (62,81,0.8522502506523727) (22,88,0.9320137001560984) (10,9,0.7866788258316191) (4,87,0.9375675726857964) (7,14,0.943827462376283) (91,34,0.7601501564875011) (73,33,0.88557744623011) 
(4,17,0.8479628985730526) (64,91,0.8439158298816649) (7,49,0.8108842144617421) (37,96,0.753868881226704) (19,98,0.9142208749420145) (16,28,0.8811742313368698) (98,77,0.8037694649312197) (82,77,0.8025642979439411) (59,57,0.8745491579406923) (7,66,0.8150743292710262) (39,66,0.9295529474198387) (11,8,0.7774075740067188) (69,78,0.8426654347160468) (94,35,0.9111875943405765) (5,31,0.8770136413528681) (15,26,0.9021348699393175) (39,22,0.8586432357376832) (7,12,0.8309949138731143) (35,47,0.7800213703308049) (72,23,0.909696242281589) 
(88,83,0.7562510770692957) (40,55,0.7685031789621543) (93,37,0.8534668176406787) (62,8,0.7646568614150795) (8,64,0.8381548649030327) (78,59,0.8361821057821578) (26,9,0.9321165416038236) (28,45,0.9386977775454989) (34,63,0.7613294349560082) (60,98,0.789755007771907) (66,13,0.8931132923571311) (92,21,0.7689831171773449) (16,48,0.8298449466399405) (98,90,0.8025982896314443) (52,39,0.7541350036447972) (77,94,0.8693976695449074) (54,37,0.8212284071705604) (7,87,0.8196786349910411) (5,9,0.7919990024464385) (65,42,0.8754818518943623) 
(17,18,0.7803513859984736) (44,62,0.7794999139296317) (53,82,0.8677701206658112) (88,46,0.8761061714079414) (25,13,0.7503025527142919) (47,64,0.8779137862960328) (42,79,0.8396313397526767) (10,57,0.9196495634799317) (19,88,0.8996489717861691) (30,17,0.8598636031179427) (96,31,0.7558588703065232) (88,32,0.8166482974518616) (69,32,0.9323494570159827) (45,78,0.8558896104556885) (69,87,0.7579275846518486) (37,27,0.8228673735790659) (82,66,0.75563397746631) (76,38,0.7672832180233254) (2,74,0.7750414248470988) (13,91,0.8807319221577725) 
(34,92,0.7531281669872301) (53,9,0.9289881870563182) (47,76,0.7648374921290674) (52,46,0.9258345325517569) (77,93,0.8629837442624639) (60,72,0.8732837233881438) (24,62,0.8004553016725912) (60,1,0.8819435401884403) (16,66,0.892487740470482) (90,95,0.901918939360483) (88,67,0.8665092594005486) (79,66,0.9366103877387318) (44,15,0.9048881752625557) (55,41,0.9250711098154816) (14,72,0.9376921534298523) (40,54,0.9021327940568159) (7,12,0.8394729668880565) (59,42,0.7892205000182339) (76,27,0.8024664520074701) (15,47,0.9468280439641075) 
(22,9,0.766202047572735) (1,58,0.7755222868728524) (27,22,0.8748883571507867) (63,79,0.8122422065917853) (27,20,0.785618471606054) (49,86,0.7867391713872275) (70,52,0.8028973803469918) (40,97,0.7748341829969089) (27,39,0.8554930522080396) (96,4,0.752498453675311) (65,84,0.7741571096542531) (38,43,0.7892889247087076) (93,95,0.9114884104415525) (6,73,0.8224091040612789) (85,65,0.9306936755105718) (25,74,0.817857679053521) (58,95,0.9176716758778806) (2,10,0.7703083908373265) (33,59,0.8695183570498616) (81,50,0.7667679599447116) 
(28,20,0.9213638405060484) (25,60,0.7792982221690715) (56,86,0.8139468024253187) (49,64,0.9361598234164606) (2,70,0.926396113619687) (97,1,0.7672282503338269) (16,14,0.8696568750905402) (31,17,0.9405639800625383) (89,97,0.9456684309561405) (62,45,0.8102311548920214) (91,52,0.888676147914281) (5,30,0.8190656294122438) (45,28,0.8559066516848207) (31,9,0.9114752875595253) (41,46,0.780752510348688) (99,19,0.7680420718378582) (71,23,0.769728715435171) (97,99,0.7985692081997112) (0,24,0.923625287069047) (75,78,0.8435492316784511) 
(46,57,0.8223274134271183) (70,64,0.787027777140293) (41,53,0.7807489510533795) (69,84,0.7837779172774586) (52,13,0.7959662380288886) (80,51,0.8788276972619669) (67,59,0.8780050084085903) (18,20,0.8523504222075685) (37,50,0.7756762153707842) (81,41,0.8924511689482456) (53,70,0.9453417960031524) (55,9,0.9421366895538154) (10,45,0.7844004060925317) (48,75,0.8563265933975734) (33,70,0.8596774900629252) (84,27,0.8986753472505565) (45,29,0.8319279677393114) (78,99,0.8084314310587697) (20,22,0.8621378755203377) (37,40,0.8333350444385637) 
(54,83,0.7867868977258173) (55,70,0.8738589528969346) (60,94,0.938322368950359) (81,85,0.9489520033154327) (53,71,0.8714721599510654) (22,88,0.924229813166001) (91,36,0.7505014093968636) (46,91,0.9124422894388509) (40,14,0.9178449510317072) (11,61,0.7551159053657399) (62,40,0.8714150769559326) (35,13,0.9153728510666376) (99,98,0.8521593088952218) (70,77,0.7833913790193138) (92,72,0.9364758340553458) (19,88,0.8076787299973874) (62,23,0.7762943372185922) (59,30,0.8464104953253416) (67,94,0.7962751092800402) (30,42,0.8829915598207104) 
(78,59,0.8725940916588941) (44,29,0.900886272073305) (47,20,0.8685956068468995) (1,26,0.8532960427733295) (95,59,0.9403483628845566) (44,9,0.8407453353621279) (0,3,0.8528921167382941) (52,35,0.9460246545079501) (93,8,0.8078406505765059) (49,38,0.9390839667262049) (89,61,0.9251598182217939) (69,37,0.8448762291660165) (74,58,0.8432161769363932) (37,68,0.7512786178173431) (73,56,0.9155600578420113) (87,83,0.7590678065150398) (98,85,0.9257209508071564) (78,99,0.7938732350008733) (75,66,0.8726751322841726) (6,81,0.8949493825138725) 
(4,55,0.8099563919346641) (14,51,0.7636499082363215) (98,47,0.8737662391747725) (98,52,0.8773771933107303) (34,22,0.7965944930024883) (49,64,0.8675652519158621) (97,45,0.9393685309648288) (56,50,0.9481909509480427) (60,17,0.798080059021849) (26,55,0.779069270935547) (51,47,0.7987016869189981) (28,79,0.833829721621955) (52,91,0.7572195594887867) (16,23,0.7558864256067367) (93,80,0.810395003155254) (7,0,0.7673198853265428) (89,99,0.7879229446883764) (65,48,0.8979035669214631) (92,48,0.9452067543818605) (17,55,0.8966663221182969) 
(66,62,0.8823741005341482) (61,24,0.7538296359116036) (63,0,0.8460626901390824) (89,85,0.8751507933722456) (80,43,0.8031935223663271) (32,78,0.9253264521439353) (10,61,0.9442751452939315) (91,30,0.8526564770858874) (30,60,0.9158182895481449) (4,41,0.7925823646331973) (45,65,0.8030517985169153) (78,42,0.7968566641345078) (59,70,0.8809159991713755) (71,83,0.7712689880879651) (41,2,0.9263638181507734) (67,41,0.7798633787030741) (68,7,0.8390618356712066) (2,28,0.8234984484752665) (64,97,0.8736440338987871) (53,58,0.8646293761878687) 
(29,99,0.8120335956595963) (81,85,0.793922322042981) (8,55,0.8343760605640895) (43,45,0.7706439852395265) (15,88,0.7529908398744737) (26,32,0.7994204881413363) (74,7,0.7694153618720482) (74,75,0.8330074939497897) (74,71,0.9254594678392963) (20,1,0.9250840358669135) (62,43,0.9066423700910483) (84,86,0.9086009821475259) (30,69,0.8569937473262098) (89,92,0.8736184385343293) (11,29,0.8247897470350517) (58,10,0.7862892693008513) (30,94,0.8020263952944301) (70,56,0.93970601171996) (18,70,0.8783445945323982) (94,34,0.8352221121690011) 
(17,96,0.7705755930598804) (16,47,0.918002948493585) (89,49,0.9079027147032774) (36,18,0.8660915883125012) (8,21,0.7830822657642709) (48,34,0.8347627489606744) (48,59,0.853986361418144) (78,52,0.8184060078081223) (42,84,0.9216989859867896) (4,78,0.9136537994357987) (35,96,0.801631986381874) (80,56,0.9484116663213031) (69,43,0.9363704588314972) (49,94,0.8743591581484531) (12,4,0.836897670069682) (42,4,0.9489968701055205) (5,57,0.8997274967217618) (38,42,0.874110541362078) (45,39,0.949058788000468) (0,50,0.7798081017009024) 
(88,53,0.9295867527328209) (21,37,0.9483865635551838) (67,61,0.7664711366644228) (13,81,0.8855570047122316) (75,45,0.9230166890044658) (32,99,0.7778550129378808) (62,29,0.8676901625885398) (3,50,0.9143559837519346) (91,42,0.87220361759323) (68,50,0.7831706851071437) (14,80,0.8195838648304591) (26,12,0.7746872426194964) (32,55,0.7767169438342186) (83,53,0.9349339527580012) (39,48,0.9258083072511994) (54,69,0.8457720730755247) (93,11,0.9499396561714522) (67,91,0.8086519481792824) (53,61,0.7804673856525601) (89,60,0.7657914173363622) 
(64,52,0.7770475275305168) (12,58,0.9376398347705863) (31,65,0.8575023678409055) (55,45,0.8662660384808152) (23,11,0.81521335341787) (94,19,0.7870248490627403) (76,63,0.7571208319181774) (41,22,0.8978147447220904) (51,96,0.8614923017103497) (15,89,0.8174271798611173) (6,16,0.8856833903531962) (73,68,0.9453328629686288) (43,16,0.8523576086052935) (72,65,0.8626862578737696) (55,75,0.8836596249666226) (40,62,0.83620487334056) (65,32,0.7798471169145048) (7,1,0.9212511907592784) (0,73,0.7804909920947898) (31,81,0.7714140025540388) 
(72,22,0.8180257989034768) (83,29,0.8198030148424629) (70,57,0.7554021013465655) (63,87,0.8382888460487927) (41,93,0.9018469689444331) (43,88,0.9479467081207884) (22,12,0.9478104458747001) (10,66,0.9358536644137884) (59,24,0.9271083949667209) (2,79,0.9310853559073471) (59,53,0.922353395615927) (47,35,0.8917122187299238) (57,89,0.8334215885537943) (3,23,0.7735688144105779) (45,35,0.805816556450093) (90,49,0.7684536230176365) (98,70,0.7685651565113354) (39,90,0.9138217841565791) (25,38,0.8395384877587793) (28,16,0.8018114626662127) 
(19,37,0.8269918521389543) (4,26,0.8813024655199558) (14,18,0.7693372003838667) (80,35,0.78509358494636) (51,97,0.9290314577968755) (3,42,0.8297199557074463) (80,73,0.7644900254113894) (36,60,0.8297831459727631) (42,49,0.7574126439447304) (42,43,0.8331815230860085) (15,4,0.9224739467190459) (51,48,0.8532541261283128) (74,32,0.9464433268141138) (31,5,0.8807884112345961) (36,82,0.8865117247359993) (85,69,0.8574492190314265) (57,44,0.8702528707771726) (97,80,0.8790943821748927) (36,24,0.7673535591989854) (5,98,0.8496399871175705) 
(20,99,0.7529597377527049) (8,3,0.8675874785534848) (1,33,0.8129547690489608) (1,43,0.9276984364943792) (31,80,0.9351110480239774) (44,20,0.9463038813585839) (69,57,0.845474819729846) (52,51,0.8561010698586006) (84,74,0.8893634987971677) (60,67,0.8937421486402887) (36,33,0.8284032907515061) (37,49,0.8609234353180086) (61,49,0.8896975781578237) (65,69,0.8931900688676033) (10,17,0.8334459067342458) (24,83,0.8834663486684378) (61,96,0.8266133035272251) (30,9,0.8107391322144966) (58,9,0.8403999075866221) (1,76,0.7798345649861921) 
(33,7,0.9393168816500819) (66,85,0.8266560634984081) (95,15,0.9444619827025355) (1,80,0.8193807525549861) (45,74,0.8098716212117643) (30,68,0.7920597327026234) (7,2,0.7963138679900759) (15,72,0.9255843150920661) (18,36,0.9185709784285718) (83,70,0.7801023653489093) (13,40,0.7879172818969025) (57,65,0.9147701753865395) (69,41,0.9059449288460939) (17,7,0.9277339339325207) (66,45,0.8243262870432535) (32,50,0.9240425830853622) (94,47,0.8114144641032409) (76,96,0.9044614214191308) (64,41,0.8034423051856385) (58,24,0.8755646729850759) 
(30,64,0.8606392848655171) (66,17,0.8856050279881884) (32,58,0.9071724576448273) (94,1,0.7668959494015442) (90,56,0.9092061066147326) (96,30,0.8434796598094401) (36,5,0.9276175788592558) (55,60,0.9098047711914922) (9,75,0.904550549719811) (14,60,0.767493872258668) (14,41,0.9388369226177541) (1,30,0.8361177840329469) (65,98,0.8146733741558413) (80,72,0.8933145402187334) (4,5,0.8318449459255254) (9,73,0.7959068509762541) (27,92,0.7765191602153773) (63,49,0.8912671074135121) (60,95,0.9028752469760442) (56,21,0.845978666053724) 
(15,65,0.8890297980093095) (56,12,0.8823276771670627) (18,90,0.8735049835761669) (77,89,0.9044373056867667) (61,89,0.8732520598295941) (7,82,0.8665274571394261) (66,84,0.8891192809143671) (78,50,0.9079660769917132) (60,6,0.9414885207970751) (93,7,0.9233457676267027) (87,3,0.9484219270118951) (87,82,0.7549377689529921) (96,88,0.9053248165277218) (62,56,0.9489713420727319) (24,13,0.839693656415431) (67,66,0.8077194576011146) (17,78,0.7511472277035712) (28,75,0.9479136946490048) (51,35,0.9459830841161255) (44,85,0.8698326056973924) 
(26,46,0.8750509099191418) (36,87,0.9041439175892066) (15,48,0.8114037488056882) (35,96,0.7532120695142174) (65,42,0.7966113999098186) (11,12,0.8423441688058771) (23,46,0.8488251455903396) (25,9,0.9290867454368037) (39,34,0.9204477428042355) (12,40,0.7533475936807728) (58,64,0.7616292500202047) (37,51,0.9033858598475482) (91,95,0.7603909638658749) (84,87,0.8909080748526228) (17,88,0.7951406976768128) (15,68,0.8692030529028927) (81,49,0.8794424981117916) (8,11,0.7841881988536038) (45,81,0.9442611872288176) (89,77,0.7813482433887577) 
(78,32,0.8979521834780538) (79,19,0.9393372078360698) (99,33,0.7558153819158647) (75,90,0.8946387361632065) (85,88,0.8306264717748547) (4,50,0.8590532608153655) (24,85,0.7550937847511505) (45,64,0.9396020798720576) (66,1,0.8170193202982894) (51,50,0.9260989638850589) (76,0,0.7991856351139544) (33,23,0.8682733409712029) (50,89,0.8984415663846039) (19,65,0.7583901958629172) (62,19,0.7682700268665252) (82,37,0.800785663852096) (86,80,0.8684718196786204) (12,90,0.9091777195778011) (20,34,0.9326019375026299) (40,5,0.7868425161985042) 
(10,95,0.9147112060853481) (53,70,0.7712911244426903) (63,67,0.8984801806457314) (6,78,0.8076805013560855) (80,91,0.7743523295392593) (5,54,0.8390131122533915) (9,93,0.8292571581889696) (36,97,0.8394815214814203) (23,73,0.830571726111914) (17,71,0.8980231178009559) (66,29,0.9378305391226336) (88,8,0.8992379008525789) (93,98,0.8448947855242688) (66,53,0.8991710079465741) (83,56,0.757044295068013) (23,36,0.9457125384050584) (87,66,0.7511994354039178) (2,97,0.8228055476893401) (53,74,0.8433708467049816) (99,89,0.81060964394872) 
(94,19,0.8541019983499212) (63,32,0.8352313957699508) (84,95,0.9409559555656173) (61,69,0.943134978774827) (33,83,0.9183136265206772) (39,38,0.7512120606426427) (30,64,0.911903911976744) (54,31,0.8642361486083192) (73,68,0.8102781204860551) (91,78,0.8279655485270098) (89,6,0.8359060020559649) (57,71,0.9201903725449625) (12,86,0.9217312729349622) (59,2,0.7925197931036754) (56,39,0.9201014731532314) (60,56,0.830934573261333) (3,57,0.8992296352820222) (38,40,0.8633676509869304) (75,38,0.8983747967524774) (53,20,0.7702267825399031) 
(0,38,0.9379118619140433) (55,38,0.8649043831190155) (30,33,0.9415108317313067) (63,31,0.9302062701054352) (49,23,0.8314594875126077) (52,84,0.861552435030668) (51,94,0.8299587011029532) (27,50,0.8349399543977568) (23,8,0.7835800254818421) (39,24,0.7726069573866312) (87,8,0.8553645147083725) (47,54,0.8029310407065025) (45,15,0.8452104650087181) (76,64,0.841917178980245) (70,51,0.8345964683742184) (30,25,0.8534441141528286) (31,52,0.8902954372428057) (40,70,0.8281531817597725) (19,98,0.795224352717494) (80,95,0.9487101046673347) 
(40,46,0.7779758663202101) (11,67,0.8703017580706267) (82,71,0.9319056609260024) (19,37,0.8399024637511647) (83,35,0.9468087247151886) (52,57,0.7959843872195402) (43,15,0.9234747602071873) (26,91,0.8060137951898374) (39,32,0.8352774721308887) (86,63,0.830445177533536) (9,29,0.7831313954024245) (6,40,0.7613347342192421) (58,68,0.7636040398913264) (85,45,0.890421867372991) (57,98,0.8873344947695709) (26,68,0.7771947148757652) (15,42,0.794398724400462) (2,30,0.8712559060425291) (24,17,0.9312472009124307) (49,15,0.9367881642048378) 
(91,2,0.7875691124569741) (27,72,0.937381659972035) (35,85,0.855406878155872) (86,48,0.946145346711808) (13,56,0.8870564091470317) (27,38,0.7760791249237141) (83,42,0.8261202889723864) (71,18,0.8248194616040072) (83,16,0.8685933346212213) (35,25,0.9414371891697533) (95,42,0.895109438904511) (38,82,0.8465070087711221) (0,18,0.8484420751958553) (31,8,0.9071585805609439) (32,75,0.7990170424536435) (74,62,0.8997347632615024) (98,13,0.8474697688522943) (80,55,0.9294989135399336) (86,42,0.8195639480633193) (37,99,0.807942980661517) 
(34,21,0.7957413352785856) (4,35,0.7928979953955442) (26,21,0.9186740938675646) (35,96,0.7875337558956998) (12,37,0.8258501606042866) (95,1,0.9354408052554717) (3,39,0.9299111449489195) (80,32,0.8201925562388263) (20,60,0.8232881019158506) (45,31,0.9081243208903402) (51,10,0.9486273646514135) (98,30,0.9312126196333596) (30,1,0.798505396618872) (57,37,0.8865878617669174) (85,54,0.8684167972429533) (93,18,0.945893796948347) (93,40,0.9158587329848011) (46,83,0.9119440196468461) (6,32,0.929756526522267) (34,26,0.8412809783017744) 
(9,68,0.8694328559612438) (81,19,0.936038594480627) (35,61,0.9001740097289275) (9,89,0.9398915662084287) (41,21,0.9401392579644483) (83,98,0.7610974245506178) (0,68,0.8490833079292339) (27,71,0.7613756101404155) (44,97,0.8260406228405799) (40,25,0.9268115601243231) (54,81,0.9339527487656979) (85,24,0.8070384440209627) (25,23,0.7530658723088686) (92,3,0.8865353945531574) (89,97,0.7877691339493902) (11,85,0.8158856976595001) (96,58,0.7729678786489709) (34,79,0.782144070762769) (70,40,0.8925639648179198) (77,90,0.9225560896704507) 
(68,67,0.758226408521917) (27,8,0.8049901853342947) (6,16,0.7657394383580542) (76,44,0.7625025081728833) (0,2,0.9432930928884349) (27,9,0.7936908908532393) (3,10,0.9187936092887625) (84,46,0.8609345556137673) (51,86,0.8887031327622705) (33,97,0.9204168511472881) (33,12,0.8039006351682809) (18,15,0.7826042331985328) (67,1,0.7569185136707164) (86,69,0.7922048436259906) (2,28,0.7927391891446667) (53,18,0.9280629363086376) (91,12,0.822370140890339) (5,11,0.9168913236130949) (84,64,0.780205605228382) (54,96,0.8673352868943834) 
(74,72,0.8132871084571756) (62,33,0.8119416690810132) (5,48,0.7961760017552388) (59,3,0.8224937888780718) (21,13,0.7603813606940746) (76,49,0.7510969753296962) (5,90,0.8434418670628767) (21,76,0.9402601725945507) (83,89,0.8803901091319294) (8,44,0.8929802247853453) (88,99,0.8023103856465412) (22,53,0.9049977070354919) (21,60,0.8694025902521694) (20,56,0.7574326720926208) (51,64,0.7781262011337119) (15,18,0.8256592041984593) (66,82,0.8444349133345258) (77,12,0.7645877593072057) (63,85,0.9140827528358184) (77,61,0.9160839485943876) 
(64,62,0.8902174074826763) (48,46,0.7521706532643411) (11,4,0.8188187009269835) (39,64,0.7879955435135717) (69,66,0.7928495727888514) (2,95,0.7929945198044406) (49,14,0.7642482338387211) (7,3,0.7699498147374438) (80,30,0.920367097608245) (40,21,0.9120081140351568) (98,84,0.817318647108245) (56,13,0.7884783114269474) (12,19,0.8162830908245174) (60,64,0.899240939770566) (30,4,0.8415824377154555) (81,56,0.8355830866959695) (11,25,0.8685217618129678) (50,57,0.9423144609536572) (51,38,0.7883984660950893) (38,14,0.8935100062093871) 
(60,62,0.8021130747092775) (60,20,0.7945950499084995) (69,21,0.869799269303982) (42,79,0.8495466242156554) (62,91,0.7560491907666704) (38,77,0.8482551004112607) (39,32,0.9118582144720354) (26,92,0.9198188427559377) (97,90,0.8094380179978373) (42,74,0.7938038260603822) (29,33,0.8243896556569792) (96,68,0.8910019477866541) (93,7,0.8905758573402635) (65,81,0.8254371115606123) (52,70,0.8644666480159233) (2,0,0.8057397541374647) (62,32,0.8939751837755457) (31,65,0.7616403727717264) (76,55,0.774040874421484) (65,53,0.8356596853303914) 
(66,23,0.7619816378020665) (78,47,0.9189408945872576) (84,29,0.8471196325039064) (68,43,0.8503820614641333) (76,69,0.8799565056719707) (96,14,0.7965861667374607) (85,71,0.8401121267877415) (29,98,0.7993387740126214) (86,54,0.8039515001266456) (74,62,0.9008142517067721) (45,36,0.8122020512489627) (7,90,0.9420004889058451) (87,61,0.8504508317386434) (95,75,0.9061215969109296) (77,65,0.8665760369944981) (19,22,0.8616001011876209) (54,98,0.8267483513612947) (20,29,0.8313850414313257) (95,83,0.8809147439776748) (67,51,0.8812756663476999) 
(3,68,0.8698431947348628) (24,5,0.7963552361995785) (88,81,0.9129165042426702) (84,23,0.8076597611974742) (3,5,0.8160991132171853) (9,69,0.7906521161911955) (33,69,0.8296877414501272) (13,85,0.9454136623182873) (28,87,0.8282888872716317) (17,65,0.8003105185048311) (9,21,0.842169236594109) (41,20,0.9399564958561126) (63,55,0.7836193452880515) (53,47,0.9149872999269539) (76,73,0.8180090383609812) (20,1,0.7674759655979281) (86,12,0.7840432831186052) (74,13,0.9443102850600849) (45,82,0.8481934209089363) (25,67,0.808231518487727) 
(46,45,0.9262127883349653) (33,75,0.8824399196447335) (33,23,0.783474680892363) (33,47,0.8382209876061526) (32,78,0.9430244522495111) (8,54,0.821790682712503) (50,52,0.9240498432645873) (69,4,0.8580452368557174) (61,72,0.9326761012850772) (91,58,0.9438461262706422) (96,22,0.8720346748166461) (44,67,0.8415866971770675) (49,63,0.7693365762130945) (62,31,0.8125559632882843) (42,90,0.8100580577929063) (52,42,0.762707577707645) (67,50,0.8643487848765665) (31,83,0.9425873363767711) (73,11,0.7669121721945824) (56,7,0.9239825990372438) 
(23,77,0.7813497561886718) (74,13,0.8335353244069824) (2,80,0.811338246148287) (58,95,0.9197593567633879) (82,88,0.9301362054668423) (47,3,0.8197382416391863) (59,98,0.9386640753662951) (12,77,0.7865638892223846) (27,31,0.8365847989860727) (99,59,0.7837876508262557) (20,6,0.7828752050242856) (14,22,0.9487751801564798) (54,20,0.9273126376080267) (12,64,0.8076135187873574) (96,6,0.849465739664952) (76,92,0.8593952366366174) (82,47,0.9185071409370105) (22,57,0.9315951819955615) (32,52,0.8332381593994446) (24,44,0.86094327722538) 
(93,15,0.8869027922402061) (54,66,0.914212898334286) (71,87,0.9352548647645283) (18,23,0.8858591011267983) (58,87,0.8510489768889241) (81,38,0.8816662108764719) (85,53,0.8200533539515189) (84,83,0.7751299084928029) (18,24,0.7891177360805692) (68,63,0.861088317405211) (94,36,0.8019769068322098) (93,48,0.7502728222389715) (59,65,0.772577129853957) (43,40,0.8928513089369349) (99,80,0.8627449673135533) (37,24,0.8493060630735534) (80,57,0.7958459082798544) (33,94,0.8354846615087306) (85,8,0.9271024973383551) (99,56,0.8218473859533197) 
(26,66,0.9081892550569295) (59,12,0.9289462122387917) (53,78,0.7672783028200253) (43,90,0.8799100015565171) (26,68,0.9248330121391082) (55,26,0.9491389379694898) (47,27,0.8839991966112163) (87,61,0.8568021471779886) (14,24,0.9441418438062608) (17,41,0.8431723050798471) (93,25,0.8595650992750241) (25,47,0.8803327998969281) (16,21,0.9386027786197373) (89,62,0.9157064569309746) (96,15,0.9136565094948399) (1,22,0.8072251102931743) (16,45,0.8590593100101822) (71,17,0.7709870033162599) (79,27,0.8441835545497198) (48,6,0.759943462999927) 
(17,79,0.8364110715871778) (56,57,0.8536291759968413) (53,85,0.8180954396813053) (21,68,0.8222265183581032) (33,83,0.9189182103958762) (11,0,0.7978804914837727) (16,42,0.7875271053663813) (20,47,0.8248587531610292) (59,26,0.7902867051102764) (52,61,0.829289198812203) (78,94,0.8157975924482639) (68,80,0.8882186879171564) (9,27,0.8033901398502705) (8,27,0.8249932018811976) (35,50,0.7643503828905822) (69,85,0.8567227109710011) (91,86,0.7571470068540642) (41,74,0.8950607350370289) (14,58,0.8657904244119388) (23,3,0.8916628569817999) 
(24,4,0.9194881258776021) (47,41,0.8313332707588869) (47,54,0.8518581437289945) (48,62,0.9157167315586996) (29,71,0.7585193312071303) (33,53,0.7559429847735998) (36,5,0.8601994459472805) (32,2,0.7797435291522365) (30,62,0.7518396131183301) (14,10,0.8180439907029544) (5,94,0.818088829516145) (90,76,0.7845862724048206) (59,36,0.8686077229416933) (37,43,0.9398991684503496) (89,83,0.907826972142149) (11,19,0.765017936893976) (46,19,0.8491622917648057) (54,39,0.8671127095186626) (30,85,0.8833108937806561) (78,93,0.9013848681590183) 
(96,17,0.7957095761749944) (75,32,0.897758563576729) (37,2,0.8578439929046416) (53,9,0.8499454786893904) (55,80,0.7700858592708116) (93,29,0.9484840914223883) (69,67,0.8173883001661888) (10,12,0.8762762093163861) (86,87,0.7743124278273174) (68,12,0.7784481594073669) (76,92,0.8715795338043182) (25,61,0.876663061498872) (23,76,0.9430111436689566) (14,92,0.7536913581302128) (23,21,0.7989357522916007) (14,93,0.8913664877143123) (60,63,0.7826338793672465) (92,97,0.7839682199758964) (28,95,0.878475131407937) (18,93,0.865250129719899) 
(56,64,0.8958376798164682) (21,73,0.90372917735409) (37,34,0.7900017574088244) (36,62,0.8612541118121826) (39,53,0.7540718480020248) (63,7,0.9467610225383303) (23,20,0.8909258171956034) (37,36,0.7542879283562165) (94,71,0.7869136293558405) (54,94,0.8559762892835281) (54,71,0.9295108086420492) (58,51,0.7781075500656388) (61,59,0.8870223015859886) (19,92,0.9245168648960527) (67,94,0.8907024404440305) (34,67,0.861805593336015) (4,96,0.774480784286352) (83,60,0.8015016114042398) (51,32,0.8724946335511863) (21,18,0.8193491852501695) 
(81,61,0.914891987997706) (57,48,0.8601378132847868) (54,73,0.894597750542307) (99,93,0.7535450410483073) (7,5,0.7691709517161132) (90,78,0.9154844678113336) (60,84,0.9336615805691932) (42,64,0.7816655213271566) (33,97,0.8595485129400346) (24,44,0.8509904863534941) (94,13,0.9467763841559236) (33,92,0.8916515354165004) (79,37,0.776599793503852) (57,1,0.7883779924509082) (69,84,0.8162758041189777) (3,76,0.9459038742523533) (90,48,0.8428245507782516) (11,64,0.8181575723332297) (13,61,0.802524615994266) (8,94,0.938744019601624) 
(20,96,0.8506056507343256) (45,71,0.7506361391548327) (40,69,0.8379341970801454) (74,70,0.7511474027521996) (68,25,0.8854651858928783) (81,2,0.828015053861386) (49,97,0.8274771996598868) (31,17,0.8650589948049323) (51,82,0.8450406137601286) (36,49,0.9287091877799657) (60,95,0.9260602222932337) (94,42,0.8472070514439712) (65,37,0.8628226542816322) (17,12,0.9248194140821475) (23,31,0.8259678965948306) (59,97,0.8722436109128364) (37,77,0.756948660019356) (28,26,0.8902780613293847) (29,66,0.8642149745459837) (50,86,0.8735027750425688) 
(49,35,0.9332179007278918) (13,96,0.913359664995288) (96,32,0.812823298524373) (32,38,0.882951794455066) (98,66,0.793971869272917) (8,17,0.8451983190738952) (64,82,0.8870104190891701) (97,52,0.7691390903188172) (40,33,0.9017442420619068) (24,96,0.8714075491029457) (22,77,0.9192977311226752) (7,79,0.8352436443842225) (70,80,0.8971897986475385) (85,51,0.800519763590072) (35,55,0.8726614893342258) (23,12,0.7813561661316442) (89,3,0.9145390503745068) (20,67,0.7573119952664613) (40,15,0.8528383538606892) (15,75,0.7507503517185735) 
(72,3,0.8552944756400965) (92,79,0.7770810007047823) (4,9,0.76120823892734) (84,41,0.9451609873074864) (19,46,0.7815481213459345) (29,6,0.7512604904084877) (96,23,0.9345889815235173) (44,57,0.9337123769672908) (67,71,0.8967896537953144) (76,96,0.7987192740366563) (80,26,0.8612194938812048) (65,68,0.8761411591083197) (65,49,0.9110766429744088) (51,53,0.9379166683482174) (0,33,0.8643917646057244) (11,98,0.8070473849270274) (17,37,0.9210692310799071) (7,97,0.8861467758443897) (88,18,0.7793058332472117) (20,6,0.7869761055591507) 
(16,78,0.9034849992623775) (22,62,0.8197426552565833) (55,62,0.7659246568718422) (50,48,0.8526725871716234) (18,97,0.8271883420263779) (55,65,0.7669721561353005) (99,68,0.8795682929856451) (58,55,0.8367859081874819) (62,2,0.8036247234152372) (8,49,0.913157919103212) (58,77,0.8574720363695587) (96,48,0.7536476567844659) (38,86,0.897742725522157) (36,51,0.8161050051305127) (68,66,0.7638286667785829) (53,74,0.7962109819788896) (52,87,0.9309508986179698) (12,82,0.8716021836970151) (81,64,0.8647722101949538) (42,44,0.7535206049935185) 
(96,85,0.9498715145592534) (63,64,0.7925750150768112) (9,54,0.9242815194460385) (94,76,0.9359274302666453) (17,64,0.8460947662006104) (60,35,0.9081438159490426) (69,94,0.8893027114851864) (41,32,0.93625857674136) (3,33,0.7674873352248138) (22,61,0.7842029627860403) (94,54,0.7520209601632363) (2,37,0.8304034891147152) (32,98,0.8172272840195945) (19,72,0.8803922907061088) (76,38,0.9210745976951731) (42,54,0.9305740222322667) (56,62,0.8909290457440779) (92,28,0.7622923218806363) (98,55,0.9112310334606125) (2,43,0.8204575882448035) 
(88,39,0.852868377887468) (13,67,0.7580917839377885) (4,26,0.8852303930490109) (24,33,0.8283211364336228) (52,45,0.8139877214325081) (55,97,0.8805596558480289) (27,23,0.7697716912969124) (5,71,0.7865400858084289) (43,24,0.856314944421813) (84,58,0.7875633478288716) (80,9,0.7574361799237297) (21,52,0.9172517559592541) (36,76,0.8822916604717489) (46,77,0.8682568844224495) (90,42,0.9358513071904077) (37,52,0.9444056579742048) (89,61,0.8086762747948211) (54,57,0.8280273755990595) (64,48,0.7578124901134128) (88,77,0.82620847681391) 
(63,94,0.7985740553680717) (9,83,0.7824273891432755) (73,27,0.9167014952456026) (82,44,0.9111882585061821) (74,96,0.9336950260393918) (40,48,0.8644427571425809) (64,22,0.780634554183554) (2,60,0.8676485324783276) (82,25,0.9069622080901363) (58,74,0.9105020350344712) (42,77,0.8528146923967271) (59,83,0.8902262646270038) (29,21,0.9280752801294742) (51,49,0.7933549331726446) (62,39,0.7607159991086931) (35,86,0.854157925713586) (88,33,0.8550623393465137) (64,43,0.8743073381773714) (91,23,0.7626901972411256) (64,99,0.8040800337801118) 
(91,37,0.9017171534994262) (85,25,0.8947042672733747) (67,5,0.8724607095997441) (51,15,0.8607157870870278) (7,61,0.9013059531118459) (41,49,0.8416527568933093) (57,4,0.796251188621758) (33,78,0.879321479368031) (22,38,0.8502832957712877) (67,39,0.9211585505003713) (99,63,0.7560013375907448) (11,82,0.9391496643626521) (52,44,0.8432437085427985) (23,14,0.8624028817418238) (54,71,0.801170722063643) (44,26,0.8106763179366006) (94,34,0.846860450415037) (4,55,0.8610473243579582) (2,92,0.7658471488284765) (46,43,0.7642966348277144) 
(34,12,0.7946101743622526) (32,58,0.8037356725800333) (93,13,0.7603876232765496) (63,94,0.9484771780384734) (73,3,0.8163605429337312) (82,78,0.8461951508665726) (28,14,0.9195702719497189) (37,68,0.9311083501011195) (76,26,0.861317021255521) (6,61,0.7527334033855367) (67,41,0.8000901483820523) (50,71,0.8784262188838542) (87,65,0.8074764014946224) (42,91,0.8150212629562709) (30,27,0.76916692557546) (28,65,0.852756358660864) (37,9,0.8910597791320458) (87,24,0.9082774150655573) (92,45,0.8338486783138213) (34,55,0.8098341583832502) 