(18,51,0.79681179761689) (51,14,0.7840073548912797) (10,39,0.8124702126027297) (30,14,0.8374513295837044) (53,39,0.8367209911114863) (56,59,0.8299423415011594) (13,9,0.766875666687738) (29,31,0.8954286289488569) (58,31,0.9352120604702937) (32,47,0.8419875785974745) (45,43,0.8405579431661189) (36,55,0.8923562972756878) (9,16,0.8788426845414786) (59,21,0.863620722854071) (37,14,0.8179754821129431) (53,5,0.8809559980524525) (12,51,0.7632097691378654) (5,31,0.9356069328270941) (38,19,0.8788841732984134) (51,38,0.8278639645276364) 
(8,24,0.7667832132719969) (15,47,0.8988740267146869) (34,40,0.9209412792801428) (21,16,0.8865038013610466) (40,44,0.9069478560239251) (40,12,0.9132849426431289) (0,32,0.8036825819268725) (8,31,0.8669046664879195) (33,1,0.8620489263413009) (17,59,0.8493712057554085) (22,51,0.8817110819088898) (58,36,0.8889742836392744) (4,9,0.8199928029162534) (34,44,0.8481622766309588) (11,21,0.7976684514516119) (35,15,0.881619110132336) (4,52,0.7505350656064318) (31,6,0.8346950592674679) (53,14,0.8601684181404898) (8,22,0.8869240898480842) 
(27,18,0.9299344092808995) (9,46,0.9259616978077165) (21,11,0.7940050893078933) (34,47,0.849360129867122) (9,53,0.90184895862918) (43,17,0.8055335329115102) (31,7,0.9334986742610535) (5,37,0.7672975051184148) (53,47,0.9402046312718398) (13,14,0.9110930761960481) (37,6,0.9484877984529088) (53,4,0.8935740117184654) (2,12,0.856344156651384) (40,23,0.8643857516611144) (46,38,0.7584016979056719) (2,37,0.8322565917494563) (23,16,0.8144971189897281) (28,31,0.9370804143637096) (6,31,0.8136884368312232) (12,31,0.9267192219797468) 
(19,50,0.7883411945291718) (26,44,0.9254235365900451) (40,22,0.7688586405800918) (10,36,0.8462671650525065) (21,10,0.8855215160866333) (43,32,0.9229334109828897) (31,14,0.808251797052891) (18,12,0.8714316929450919) (49,55,0.870699317048985) (2,43,0.9434301213030232) (14,56,0.8589676483655493) (34,25,0.7873908846024672) (3,56,0.8333253265086145) (35,44,0.7532166368458589) (7,40,0.8781058181566708) (30,42,0.7956400387915499) (56,57,0.8896564699843844) (30,43,0.8921373342486809) (24,53,0.7767082315266474) (36,23,0.8215605166607213) 
(24,44,0.9404263345200802) (44,34,0.874263360351351) (22,41,0.8604005786406178) (32,20,0.9123039782586744) (47,30,0.8139368349195965) (48,26,0.9415625647376589) (57,56,0.9208508943695306) (57,45,0.9150014380219913) (37,21,0.7904951475220372) (25,13,0.948776836902496) (26,9,0.9341616113634559) (27,6,0.9374548130056813) (10,18,0.8182415916337799) (17,23,0.8548259991637225) (37,57,0.9372983577394146) (42,25,0.9238325680105209) (33,58,0.9121704801943226) (32,6,0.9036662419519219) (16,18,0.8355552139987638) (51,42,0.7990193599088501) 
(12,23,0.8374614018072888) (1,31,0.8102968255469396) (58,3,0.8884881353793612) (25,43,0.7681094374650119) (22,44,0.7930190302209501) (49,29,0.870874380980906) (26,47,0.8281716691419618) (24,45,0.7806932237925021) (36,51,0.7563672414905713) (23,44,0.9033461660444064) (36,34,0.7662083240953061) (6,11,0.8173281388237588) (2,24,0.799539103154171) (23,17,0.9195416064795796) (8,17,0.788353662639671) (35,53,0.7752122801682804) (14,23,0.820578388670428) (35,39,0.8124652584802178) (36,43,0.8423403810138861) (21,15,0.7881649290912452) 
(31,53,0.9251428606468275) (31,7,0.8386369344105262) (13,55,0.9319097064208334) (51,9,0.8746159380454013) (3,35,0.8137736862469047) (57,34,0.9341175226126388) (51,38,0.8440976754295828) (42,16,0.8072963252429379) (53,29,0.7680361054249152) (1,26,0.8067667430888326) (47,28,0.902142622525625) (38,54,0.8372239800965948) (41,35,0.7581254692898773) (50,8,0.8323355918088527) (53,45,0.9381364809772357) (41,40,0.800001278970188) (5,51,0.7743474752877222) (59,37,0.9418044542832729) (58,55,0.8644423889883247) (55,26,0.8603259885176193) 
(37,14,0.8481537937984763) (57,43,0.8304237520133689) (23,36,0.7693287942027576) (19,49,0.8854629428999431) (30,5,0.8931134840279477) (27,15,0.8404796766905993) (36,51,0.7897490341350878) (15,50,0.8540556433219093) (39,57,0.8209958415816513) (54,32,0.8991975717107903) (31,47,0.7657119995649972) (34,37,0.9117530393442141) (41,45,0.7664447022454176) (15,9,0.7570707873445742) (9,6,0.8869187050439402) (10,27,0.7566342562322261) (58,37,0.7734907951786688) (32,10,0.882571495918327) (56,54,0.8735837529551933) (43,48,0.7904744118565182) 
(31,47,0.9464621077042118) (51,55,0.9149288809681755) (58,40,0.8707033966266718) (46,7,0.8513832896165965) (2,33,0.8416996850731117) (31,41,0.8812184319809735) (53,44,0.9123882372103995) (12,4,0.9313517642368405) (9,18,0.7532318507655801) (7,42,0.8740041989883038) (39,7,0.9092307778456945) (3,27,0.7947578945861858) (3,38,0.8189946195658606) (17,45,0.9281238627862006) (8,22,0.8652207028222134) (30,21,0.8651564720769124) (55,16,0.7841362218532935) (29,17,0.8363579068202714) (14,47,0.907020380294824) (11,18,0.9371783772629418) 
(32,5,0.8157806441900397) (47,10,0.9004860655445351) (24,27,0.8765658483143668) (57,54,0.8656599144598492) (46,33,0.7666486545637684) (2,41,0.948340056979882) (7,36,0.772440111825647) (41,13,0.8864967523519339) (45,31,0.916566870018547) (16,39,0.8864362280624503) (5,0,0.9085653506778574) (5,7,0.8957995416491811) (52,29,0.8033551334603345) (51,33,0.8250949401749285) (9,45,0.9235646781067404) (56,53,0.8027334217819617) (35,44,0.8598535351967771) (49,14,0.9158232867451089) (36,22,0.7707000343149193) (22,40,0.7948886447778092) 
(7,47,0.9359883711606007) (22,5,0.8371577718851315) (40,10,0.9080856180602732) (38,31,0.8898672116942365) (51,16,0.8002232540240634) (2,17,0.8049954154727578) (13,20,0.859030561787928) (47,33,0.7944540324089777) (43,16,0.8604162495877636) (58,47,0.7981593790101125) (12,46,0.8512847342464231) (34,41,0.788131571258129) (25,37,0.8915787069244068) (25,18,0.9380120144443346) (30,32,0.8460207459375314) (53,9,0.8857595667926198) (19,11,0.892135343550294) (26,53,0.8501913621121678) (31,47,0.8707933518934035) (31,27,0.9366750456820931) 
(4,35,0.7617066634287523) (8,45,0.9447621175322416) (34,21,0.8755799840859986) (31,16,0.9350004220566044) (59,9,0.8475142152239329) (22,11,0.8050212533560086) (36,56,0.7854569792169006) (13,51,0.9221468167007876) (8,19,0.7656480972605768) (38,45,0.7920818344339284) (49,41,0.7749777251109563) (43,17,0.7995517560420788) (52,4,0.931431827403066) (31,43,0.8672916918902116) (58,6,0.788149420405404) (46,47,0.8139606636138668) (49,42,0.9468337495025927) (28,26,0.7573651248428626) (5,17,0.8392326241707033) (22,1,0.933905198176591) 
(37,3,0.8337131764760384) (6,51,0.8478225916357245) (27,7,0.7634469949682562) (42,0,0.9258131165375542) (35,7,0.8924106285456133) (13,16,0.7639716629311872) (48,42,0.8435504538602643) (26,8,0.798689187084706) (33,32,0.7983755729359169) (6,39,0.8895674589514198) (17,38,0.8923660695609473) (35,12,0.9499738174570045) (51,2,0.7738871223337132) (39,23,0.7816417709291388) (27,36,0.7588336766735561) (2,8,0.8367958564194035) (50,7,0.8070263070330297) (20,21,0.8645269845369402) (0,47,0.7820102105184135) (18,22,0.9034539852119023) 
(40,48,0.8343572015479346) (18,0,0.9129255753245221) (16,48,0.8557494316400223) (11,47,0.8843901274002467) (0,14,0.864381602990745) (35,37,0.8416947478765431) (52,4,0.8383822512034342) (58,55,0.7830688911922394) (58,57,0.8405698487767913) (30,53,0.8931058287400919) (42,27,0.8658866411817565) (42,9,0.9048520167464063) (8,9,0.7578114366580168) (47,41,0.7745091303952752) (21,25,0.8470511036968239) (24,44,0.7728532951624888) (5,27,0.8170553586598837) (51,52,0.8714555874149812) (11,41,0.9300895139043887) (19,0,0.8840320918113468) 
(59,51,0.8830711797565797) (33,5,0.8685458516698481) (49,53,0.7659984887566214) (57,28,0.8029842573431252) (46,37,0.8856744209685684) (53,22,0.9484298266035727) (58,38,0.8565991348538704) (30,47,0.7553635145073024) (22,54,0.9238671788808828) (7,46,0.8083378415478287) (40,1,0.9388883688688303) (38,40,0.8782181506872048) (52,37,0.8517546030231442) (40,31,0.8829234992271598) (24,7,0.8238417598026087) (59,27,0.9480095942773727) (6,45,0.8527311258801177) (56,22,0.8406777304414348) (55,38,0.9110108253828042) (45,4,0.8083004479013433) 
(6,4,0.914588452353615) (58,35,0.8699695915799075) (18,57,0.9391723152272244) (34,9,0.75321623304511) (17,18,0.8457513020440801) (38,0,0.8362328226518464) (29,25,0.8233456484746522) (9,8,0.8036257386001074) (18,46,0.8022795258559512) (2,47,0.7704656166498017) (5,54,0.7701788990680002) (27,17,0.7962326871094116) (45,34,0.7672869219758912) (15,18,0.7770299765359092) (23,49,0.7643450222997347) (20,52,0.7944129659916775) (2,12,0.921686426694204) (33,9,0.8186618656368908) (32,4,0.8329279258159847) (45,19,0.7953573654557716) 
(43,44,0.9229106259011911) (36,31,0.9140969011015297) (4,32,0.7913079544444149) (48,41,0.9435656190518056) (0,22,0.8863937882548227) (22,33,0.8285234406714282) (10,59,0.9474010287853185) (15,8,0.9485035681166687) (56,8,0.7941389322324394) (56,17,0.9313557345172507) (34,22,0.9478104410292756) (12,6,0.9215173128393634) (29,13,0.7767002030832388) (35,45,0.9392059121061163) (17,16,0.8094637058110824) (6,34,0.7544994378584955) (7,3,0.8155652831313658) (35,10,0.850823020087822) (49,41,0.8704332641156335) (49,58,0.8229116906598939) 
(52,46,0.8513067341183684) (16,21,0.8386228664227335) (45,50,0.9057340029343336) (26,25,0.9320161080208126) (56,31,0.872112936185522) (15,57,0.8571055445032445) (51,57,0.8275934420085795) (24,3,0.8166095962177415) (41,3,0.941164711767998) (59,1,0.9466063368186606) (13,22,0.7984269808119474) (30,24,0.9104614922085584) (24,36,0.7881174450697023) (8,50,0.7995292845200526) (54,59,0.9390174818566457) (20,29,0.9014981539462621) (18,43,0.8629507794870757) (36,33,0.9273803136845149) (6,25,0.7864879870181577) (52,11,0.9465393182213526) 
(36,45,0.7597396004375717) (51,44,0.9112536659158516) (13,40,0.9423951666124193) (32,15,0.9051712652614267) (11,18,0.7972302970559657) (34,29,0.7823016787765913) (4,20,0.8252218062021932) (27,40,0.7942690138960617) (1,54,0.7531642850384863) (50,19,0.8971143051714223) (5,53,0.818964476170275) (15,5,0.946606848570088) (1,49,0.7775335402674125) (23,59,0.8318782306319008) (21,43,0.9434061227878927) (13,53,0.943700494484696) (9,58,0.8586777807290493) (1,40,0.8251136445594146) (28,56,0.8645903088617506) (39,55,0.8057958945483693) 
(13,0,0.8259362673908479) (59,0,0.912737507028911) (33,20,0.8198030018139602) (47,39,0.7657303340008264) (27,40,0.8389743808591775) (59,15,0.9389518447240057) (8,44,0.8975307335623168) (24,45,0.9375085438229573) (57,45,0.8258055474434406) (4,6,0.804429175630808) (42,32,0.7918765011523728) (36,40,0.8375728937727375) (43,35,0.9435744045254167) (20,38,0.9162248439266923) (5,11,0.842898082457398) (43,44,0.9296642464776167) (59,23,0.8036892326415643) (20,3,0.7629083762823784) (5,31,0.7537068392080585) (47,13,0.8094201509932581) 
(16,40,0.8381836769557185) (4,26,0.8219820328279479) (41,45,0.8427619649372113) (50,56,0.7785758222849268) (20,31,0.9303546309299038) (13,9,0.9305742257720148) (33,21,0.9065266106216028) (54,15,0.9377173637275688) (57,27,0.9112999376747136) (34,48,0.8996858420834387) (8,12,0.7792181781545895) (39,7,0.8463496308108127) (17,33,0.7983421768678295) (41,5,0.902338784505274) (44,25,0.8780088746200021) (19,28,0.8485003342343475) (18,27,0.8639750084083274) (9,43,0.8551042242490974) (45,1,0.8339582958521947) (32,2,0.8610910784355926) 
(19,13,0.811289695729831) (1,43,0.8234830114163078) (36,44,0.8906550851842141) (9,12,0.7539592925899169) (16,28,0.8543187243431503) (26,28,0.9372180077232711) (52,29,0.947683120540526) (57,35,0.9051247550521215) (52,46,0.8741177559953434) (17,36,0.9154509563581544) (42,35,0.8218639003106183) (18,33,0.9177757600685876) (33,37,0.7738893814324176) (28,46,0.8659576784358117) (53,3,0.7819527346312859) (16,17,0.7856123124376543) (28,7,0.8847783442095573) (56,1,0.8373021713299161) (34,3,0.8072088122433237) (35,46,0.8227141687272606) 
(36,39,0.8018025637621811) (55,59,0.8806598104828511) (50,47,0.79977523928433) (8,36,0.8537902481023143) (29,50,0.917289041162316) (11,51,0.759577968884323) (58,11,0.8908874019116013) (42,48,0.7639509668236787) (35,18,0.9103896432976736) (58,51,0.9218299132643727) (38,50,0.8875388832096999) (53,33,0.8630962761842615) (54,22,0.9238623251224444) (22,51,0.8853958242020215) (39,30,0.8137572792394168) (30,18,0.7912966218389668) (45,50,0.887193105748999) (21,44,0.8075217690397825) (25,54,0.7749499594903193) (7,22,0.8171192853279007) 
(23,47,0.8881692227206742) (57,36,0.8320432502448376) (31,23,0.8799258624235213) (3,7,0.8919627900527991) (39,35,0.8026912454250126) (13,49,0.8929488588684663) (5,44,0.7758103390421045) (11,29,0.7773817103565991) (18,29,0.7634203793859458) (21,30,0.9154437611744406) (40,18,0.9180231126613536) (8,7,0.8659431922534111) (38,49,0.7798451281508151) (38,21,0.8820307071944797) (57,11,0.8039585116970765) (51,58,0.8391261601144816) (54,0,0.9290054750354131) (10,30,0.8815701850451468) (9,53,0.8719172799166247) (36,21,0.9269801374525831) 
(34,21,0.7780013005067694) (37,20,0.807228605141561) (2,6,0.802229041564196) (1,13,0.9344494560725313) (10,27,0.811432863773415) (45,12,0.9163301870010172) (14,15,0.9312920231915418) (9,48,0.8958864536720903) (46,6,0.8973708593959124) (46,41,0.8904945780023427) (53,32,0.8150414900418856) (26,28,0.7959007016458479) (3,49,0.8033912906821592) (25,15,0.8763933391453498) (11,57,0.909480267340643) (54,50,0.9366081636594193) (24,36,0.7856477350181945) (2,27,0.8782022702418627) (36,2,0.9442482889396042) (21,57,0.8426170133270423) 
(39,53,0.8722533221257178) (9,37,0.8025023308628892) (34,40,0.9372620405922337) (51,32,0.8664746923848501) (34,1,0.8419041493043665) (1,29,0.9004041849964284) (2,14,0.9036060281057142) (45,49,0.8328257340296302) (58,36,0.9347666453658026) (26,44,0.8667050494473192) (7,25,0.8761788777728919) (39,11,0.8876235340465202) (42,4,0.9264465302020397) (44,48,0.7802139491087706) (55,25,0.8603053371621605) (4,34,0.8740708764957681) (8,57,0.8419981091304629) (38,32,0.9479426291215061) (25,58,0.7762439676701474) (35,43,0.7851430719336682) 
(35,31,0.8945779893427531) (8,49,0.7998258676608484) (2,28,0.7689974422273538) (10,53,0.8701501377651317) (28,50,0.7816689055435109) (56,20,0.897818427552885) (42,44,0.9029124255991438) (43,3,0.9378482687285858) (24,6,0.7785259932290649) (29,40,0.8501380921061747) (23,30,0.9099816062598525) (23,22,0.7756972776308233) (51,54,0.8508844180941592) (58,49,0.9201233751152594) (25,54,0.8730126946157211) (25,23,0.8492921006958979) (14,6,0.9337876380512279) (48,40,0.7723107996620036) (59,15,0.8595477348825762) (29,21,0.8908621018165839) 
(41,4,0.8154649323017937) (27,20,0.81287312828013) (24,11,0.8124824814880914) (18,54,0.8557239825931676) (1,24,0.8741815750272709) (39,46,0.9350184971511086) (3,36,0.9449683255091309) (42,18,0.780004092094455) (10,8,0.784917709462893) (3,51,0.7568159077925395) (5,31,0.8799552871793714) (22,32,0.927825963692729) (32,4,0.8806498610509277) (47,27,0.8117439767412348) (45,49,0.8233212703393151) (31,9,0.8151624358737557) (4,21,0.7994129206309502) (15,45,0.9270793439051986) (16,25,0.8207350159392812) (21,13,0.7603050408279529) 
(48,25,0.9170376179770744) (31,27,0.8545867420467891) (8,33,0.866605466183673) (48,18,0.9477075356781905) (34,7,0.8466152537214635) (12,8,0.8962162672000457) (38,49,0.7823418457740979) (47,8,0.8728220018527656) (19,14,0.8673426849004873) (12,28,0.7566519272653311) (11,55,0.9233373026606891) (4,26,0.8247098625907406) (55,5,0.9344198589445663) (38,45,0.8729176198397709) (4,25,0.923403591316618) (31,47,0.8634191215763377) (18,32,0.7809050957085552) (28,31,0.81672437925366) (0,55,0.8839800605579939) (30,34,0.7542703957419391) 
(38,22,0.7829657492905177) (56,20,0.8576990689014818) (47,54,0.9143952081754851) (2,23,0.7682476825769803) (1,47,0.9113767337277874) (48,22,0.8093196243708236) (10,4,0.9238459495289211) (58,44,0.7606484401038458) (15,10,0.7764028434436611) (20,19,0.8212239434788456) (48,14,0.8397991361710937) (9,47,0.7896920592322854) (31,14,0.9282692545968745) (17,54,0.7997249146651612) (35,43,0.8678521329640569) (56,7,0.9090341701947727) (9,19,0.7714745849120401) (58,13,0.8809740127000026) (56,22,0.9304225621709891) (21,32,0.8002272993485444) 
(20,39,0.9276078927339023) (33,34,0.8563883052541371) (27,7,0.9136195372999181) (0,22,0.889380879037007) (35,39,0.9200916734620336) (56,40,0.9338654881234631) (52,9,0.8435868543743049) (29,28,0.8947113134103805) (21,6,0.9421004736953473) (44,35,0.8145742942058001) (55,15,0.8955633144283812) (30,59,0.8568469622282618) (3,0,0.8141331218978225) (24,25,0.8683293896220451) (7,58,0.7867710976834763) (24,53,0.8280733236135682) (12,48,0.8772353567442872) (49,0,0.7643420414431485) (10,2,0.9152969169992548) (46,51,0.8020237441364713) 
(42,45,0.8443442786253784) (6,52,0.7842655141037305) (16,56,0.7887153855071557) (53,34,0.8753132686659256) (39,34,0.7593665878506992) (13,2,0.8757844061878948) (54,9,0.7983159843950066) (52,39,0.872095430289175) (51,48,0.7840835013823673) (38,22,0.8870233399283076) (29,1,0.7707872483908147) (28,4,0.8890269875061345) (56,51,0.9179430839548451) (53,58,0.7798909986282034) (5,34,0.8835170619628432) (27,40,0.9366026772885399) (53,45,0.8977649484458528) (5,39,0.8879604897510609) (46,12,0.9054469043840543) (16,40,0.9214996568980565) 
(2,31,0.9005786199410561) (54,3,0.8122562982803877) (44,50,0.9382899533690772) (41,7,0.8673784464636296) (26,37,0.8719268113046803) (44,9,0.7623512586505073) (40,44,0.8360542068247137) (46,42,0.9009843681147924) (52,55,0.8132223423377589) (41,44,0.887190344559582) (57,13,0.841264310459272) (42,43,0.8125637422561015) (16,15,0.9384272793547941) (44,30,0.8672743937629495) (12,18,0.8079319971834038) (32,29,0.8375523829348765) (27,25,0.9361473779200343) (33,53,0.8616369900425809) (22,13,0.8101667178880217) (12,15,0.8286434018163532) 
(35,16,0.802580718429259) (44,0,0.8969270699122818) (0,52,0.9171246297957183) (47,57,0.7765277492557349) (19,35,0.8183620475918201) (28,15,0.8865466855139147) (4,30,0.7556823283087118) (10,59,0.787238036128046) (47,56,0.7709048483087907) (8,19,0.8617371388387927) (46,24,0.7602612059327004) (26,54,0.7625200139444702) (0,26,0.9317145662701923) (28,12,0.9388567467566233) (30,57,0.8945401234792195) (18,58,0.8847523704682027) (54,28,0.7890232851294288) (21,50,0.8297067905682951) (18,54,0.8767129431487541) (23,42,0.8100049463939041) 
(43,6,0.7983310550060856) (27,4,0.911961926815545) (8,7,0.9260227192428585) (47,19,0.9335132206628437) (23,10,0.8209306504334875) (37,58,0.7912997173670485) (43,17,0.9122412418209646) (15,18,0.8861140886211707) (54,33,0.8088466082310679) (55,52,0.8038845288985527) (33,29,0.9140103464576531) (59,21,0.8342286612098726) (44,0,0.9169992612617939) (15,57,0.7899347845698681) (6,58,0.875031466863421) (30,48,0.8514586474028394) (26,9,0.9271806762595654) (46,48,0.9213514625535655) (29,48,0.7554844193359016) (23,41,0.935878084010232) 
(17,34,0.9475712669421292) (18,20,0.7725546000746084) (7,38,0.8348205014519547) (6,53,0.8444379113594535) (21,16,0.8282257265449524) (10,8,0.8042025224340769) (27,16,0.8573107508009049) (55,59,0.9076437422842424) (51,55,0.907614434142329) (27,19,0.8754451516526575) (4,43,0.8700700890922964) (34,13,0.8010765610753865) (8,3,0.7985386527777324) (6,18,0.9046992895894824) (30,28,0.9333660527680637) (59,38,0.8630214863581447) (11,10,0.8640818772074049) (7,5,0.7786992565693138) (7,48,0.7927433118278786) (33,29,0.859610551023055) 
(30,8,0.8547521432244481) (43,25,0.8644842419974165) (23,2,0.9326809159355642) (33,1,0.8125487901279327) (10,57,0.893187589150336) (26,17,0.8778665008269063) (39,31,0.9234944842707979) (32,39,0.9155522430104548) (20,36,0.9452980400749542) (25,5,0.7519229286287998) (54,57,0.8191028648599553) (18,1,0.8334904254265009) (43,6,0.8917643214325045) (58,27,0.9209181735217693) (13,1,0.9088799075111931) (54,40,0.764593861694472) (57,32,0.7781207334401058) (4,51,0.8741597939481651) (52,28,0.9462306734417026) (7,51,0.9183885155717227) 
(42,59,0.9083759349333141) (25,4,0.7792284761377342) (26,7,0.8402114312744406) (5,2,0.9474260383766837) (35,29,0.7527442140209334) (21,54,0.7846564807250501) (49,8,0.9161698167205714) (26,5,0.899292767375727) (33,50,0.9098535356731672) (48,14,0.8919399542977435) (41,9,0.9480971777702443) (5,48,0.919208862527537) (31,26,0.8952588531197022) (24,21,0.8072788454505482) (34,21,0.9106658826303129) (55,30,0.8255736682502076) (23,39,0.8037530545225012) (27,56,0.8599057417677233) (12,52,0.7747106997235905) (46,14,0.7562030463314608) 
(11,30,0.8139552987963838) (13,53,0.8251912460213653) (7,37,0.8523446315313877) (55,15,0.9358126473248561) (46,51,0.7544818711424481) (24,12,0.7817823806383676) (48,13,0.9001060618141502) (57,32,0.8029395266479092) (57,12,0.7776961820667551) (13,23,0.8284419863120316) (46,41,0.9247435202969505) (43,9,0.9248130008092779) (4,50,0.9293089912686493) (34,41,0.8747857656217233) (54,12,0.8910136314061669) (51,45,0.8753538208233458) (11,34,0.7957928676780468) (37,11,0.9100749362202887) (36,27,0.7765513930420884) (38,46,0.860294138335497) 
(3,33,0.9305595412266563) (59,6,0.8675348183314044) (42,47,0.9290816145158421) (9,20,0.8249327654836554) (41,59,0.9311814620033777) (31,23,0.8978133842360685) (47,48,0.9335740460892741) (52,35,0.8836951629404726) (37,17,0.8251182563430768) (36,14,0.834868182767163) (37,10,0.8374689484560626) (26,21,0.798089753920333) (44,17,0.8801204832930197) (45,22,0.7666924695154576) (10,32,0.9309262760159831) (32,28,0.9390197877989981) (49,26,0.9359574152573136) (37,16,0.9231856619064235) (3,6,0.910094564168191) (4,52,0.7897639336889699) 
(20,5,0.7628063677102005) (33,27,0.8183671879413301) (3,39,0.844689853626068) (54,24,0.8870272323049975) (7,15,0.7515484685563544) (36,9,0.9081444587751357) (57,53,0.9279363744380357) (46,15,0.9201034471167827) (34,38,0.8819374635248386) (44,48,0.8909776070536973) (1,16,0.7558486466835617) (45,24,0.7886614799628822) (14,27,0.8634946288614646) (31,0,0.9388909868410407) (24,32,0.798407864380755) (51,23,0.7536292833253824) (4,54,0.8897185298992372) (32,9,0.9445210714189105) (0,56,0.8476026794022593) (19,55,0.8636409577789417) 
(10,11,0.8956628722572108) (7,8,0.839021785459325) (23,28,0.8141617512119318) (49,10,0.9103386786994964) (20,12,0.7828872351208659) (28,13,0.7639522548236534) (55,51,0.8975074258352975) (26,59,0.8313071624009561) (13,37,0.9062349876248376) (57,49,0.861043121256827) (19,38,0.7817531226594965) (47,16,0.8128278561425639) (53,19,0.8950918104805913) (51,22,0.8707258631996424) (23,49,0.8812030794782562) (41,36,0.9369356747377873) (56,51,0.9397038166909237) (29,47,0.8335737013491121) (55,53,0.8882211833579308) (13,2,0.9481115616035416) 
(10,43,0.9023635034723596) (57,7,0.8440713975674398) (55,39,0.9453729101458579) (25,17,0.7711036776180838) (29,35,0.8897249890602412) (22,8,0.9207371899309484) (49,39,0.8786074191394324) (37,3,0.9497726368368742) (24,20,0.7599414988524043) (53,41,0.9100608372450152) (52,51,0.7907569449530555) (43,46,0.9481715210533892) (22,6,0.903995561788568) (17,29,0.8008844340632998) (27,47,0.8638169066479031) (57,41,0.7539871136292056) (54,53,0.8424094577835606) (20,39,0.8960918815294721) (14,15,0.838490871763542) (47,14,0.8892995411468416) 
(33,24,0.8007491655412202) (59,33,0.7735019484763724) (4,59,0.8209977312930369) (0,49,0.934988485696123) (4,34,0.7729831750374057) (30,33,0.8843848714170559) (57,59,0.7519092421200417) (59,6,0.9115635734051504) (49,2,0.8058260934421024) (45,8,0.9153813241187765) (46,5,0.8452467575832516) (40,10,0.8062378916522928) (13,16,0.8625060248930043) (59,42,0.781155954430595) (37,25,0.8133174343990991) (22,26,0.8003624533689792) (49,31,0.7619161430306798) (44,20,0.9109369255741989) (4,31,0.807998981599158) (48,38,0.774667383506991) 
(13,4,0.892341924320093) (17,37,0.7528541118595525) (47,14,0.7959038578906658) (40,2,0.8303141094135709) (23,43,0.9087540142752244) (39,42,0.8038095331451912) (54,27,0.8167332549497918) (42,21,0.9398011740668943) (27,25,0.9320855779842038) (28,26,0.7897314020207145) (49,51,0.875939642066176) (26,48,0.8397114194551885) (15,31,0.8074650939232123) (49,12,0.885193731989571) (15,23,0.9475552563427424) (59,49,0.7684043322141354) (15,21,0.8081212984378642) (59,35,0.8408678290982864) (33,49,0.7767830009474758) (57,9,0.836889516335772) 
(33,24,0.8300050788951674) (17,53,0.8754480314480427) (9,21,0.9332981269196712) (25,24,0.7557608450240054) (28,44,0.843183128411775) (1,3,0.8187158572272651) (27,43,0.9131749001292673) (50,40,0.8519128929981802) (41,7,0.8383443791102816) (45,8,0.8252503156323484) (30,1,0.8338583019009381) (35,8,0.7881875588108924) (32,2,0.9484124178614604) (48,42,0.803573475827746) (37,49,0.8046446828856503) (59,58,0.9486399154017) (15,57,0.8611431740156884) (29,2,0.7716243205757032) (23,31,0.7994743261478278) (36,19,0.8921772724701351) 
(34,27,0.8412789821897848) (11,20,0.8792794314033735) (4,16,0.8215661339862147) (58,11,0.8605592737707726) (59,16,0.7565617622647047) (30,7,0.8575231791243575) (8,14,0.8001273439459511) (6,25,0.8601752693443608) (13,58,0.7655881283606664) (30,8,0.7638733026385699) (56,33,0.8951844129889943) (58,46,0.8261863424123707) (37,16,0.7875953553393813) (41,54,0.9125127122660255) (31,9,0.8846174900577567) (50,7,0.8136603587584905) (55,17,0.7843399706630834) (10,16,0.8403651781132374) (18,26,0.825685181935151) (46,27,0.7797205499213312) 
(34,14,0.8471724876133686) (32,28,0.7838972450126105) (17,10,0.8683555686830363) (55,35,0.7991144094079177) (15,54,0.9417682866942811) (25,6,0.8276515571664286) (44,40,0.7870455422380301) (15,10,0.8133100026364632) (55,16,0.8225476791423024) (16,44,0.8632821244028609) (10,36,0.7817946787011856) (21,38,0.768681030193169) (5,18,0.8367390037782416) (37,41,0.9441408641769831) (47,53,0.7608793578456854) (26,47,0.8781136028285282) (31,46,0.8043552780884736) (59,48,0.9139878537750061) (48,26,0.7722106149818583) (41,29,0.868000859899846) 
(57,29,0.8686974714229109) (27,10,0.7872446224703729) (40,45,0.8091759180756355) (35,33,0.936197450279593) (52,32,0.77188847324397) (28,1,0.9353447550253023) (52,46,0.8723933523121846) (45,21,0.9258444947610782) (45,25,0.7580644140614143) (47,27,0.8128022133056223) (10,2,0.790068585815171) (29,21,0.891626164762291) (55,7,0.880171980825755) (8,35,0.9374116658057435) (4,47,0.7728477793464719) (16,26,0.937013592998206) (47,2,0.8724559949046078) (7,5,0.8958630310064697) (46,15,0.8700124390924846) (42,50,0.8418124945178478) 
(1,47,0.8242987746550646) (6,51,0.7581585962092999) (59,6,0.8169491946443748) (53,56,0.8247829940378824) (8,52,0.7524100217739739) (43,16,0.9049463100311951) (18,59,0.9395604096433425) (26,4,0.8982835256502457) (2,56,0.8540041378757669) (6,13,0.762751239721706) (28,9,0.8032830390041781) (3,39,0.777133608050417) (54,46,0.905884056171075) (12,53,0.827867667217832) (49,18,0.8018239768633801) (47,33,0.8025883900815386) (24,36,0.8601065573495656) (54,9,0.7933955517990904) (16,11,0.7904859143674909) (44,20,0.8672077312150724) 
(10,55,0.9047132401351813) (20,30,0.8728352332211783) (53,51,0.7788018097738625) (45,44,0.8575052423489703) (36,7,0.8861755869495622) (16,11,0.939757843232881) (3,16,0.896628331890559) (1,19,0.7975610748833617) (24,35,0.9303422252964364) (30,11,0.9379324298165161) (23,41,0.8968154082302287) (45,30,0.8828837707072463) (51,5,0.7630189968764306) (52,41,0.9491726170942425) (14,16,0.900482329292215) (34,13,0.9189346350887533) (8,51,0.8031380262276703) (18,43,0.9379964673379767) (52,15,0.9295966420024357) (23,39,0.8330807297080307) 
(14,32,0.7799491690358792) (15,6,0.8003049949102696) (35,44,0.7696807214029422) (45,43,0.9449385787451026) (43,18,0.7554607039683552) (6,41,0.9329917214746626) (27,22,0.8550452234987337) (53,36,0.8525784747820523) (0,17,0.9094794605413303) (45,23,0.8422271032575355) (28,25,0.862414455003226) (16,27,0.8364223063457297) (8,13,0.7973340928029006) (38,8,0.7877897428692279) (10,40,0.8735681341932706) (29,31,0.9073212105323452) (51,1,0.775463583081682) (39,20,0.8858652847114753) (34,14,0.8824924719810688) (18,29,0.7977410877024156) 
(9,12,0.8810175191906212) (34,49,0.7871728468941632) (28,16,0.9045079441008639) (22,30,0.9099038558365151) (29,58,0.8954066614430634) (40,17,0.7982994663252903) (57,4,0.8807935572942389) (28,59,0.9163650438003592) (22,27,0.8556537507548136) (9,42,0.9130735424290203) (58,3,0.9206487383593693) (54,12,0.8905604333072682) (27,52,0.828912624947304) (9,53,0.8642996264039022) (58,48,0.8869507001302114) (46,13,0.8339677782384445) (51,50,0.8066744652993538) (4,41,0.8560938761479189) (30,11,0.8656562697620235) (57,46,0.8028355839632011) 
(56,3,0.7731700904057937) (14,0,0.9303308440096715) (33,9,0.8406958668444463) (2,12,0.7516441357576529) (37,21,0.8266228928451261) (1,13,0.9162162311458474) (0,50,0.8300449262635526) (16,0,0.7560614709062227) (56,46,0.9157588833310075) (11,50,0.7692254297607267) (34,2,0.8587777497754188) (56,44,0.8570964002556402) (57,10,0.8286475494406934) (45,35,0.9208233668930406) (40,22,0.7796874629257393) (34,19,0.8280889312212542) (19,52,0.9101656873651833) (28,46,0.9435326671508646) (29,34,0.7975760336727433) (18,44,0.8377145647499197) 
(51,3,0.8504644491730426) (16,15,0.805886682564845) (6,53,0.8870669657687691) (50,19,0.7805208839581578) (16,12,0.9224161112250382) (34,12,0.7673422832997233) (6,42,0.8163349626848131) (52,47,0.8775549452316908) (19,36,0.9483493914028) (59,56,0.7515923480132816) (40,43,0.9472979920728732) (57,36,0.8152514675844974) (52,21,0.9026494142270188) (40,46,0.8196476344042829) (47,49,0.7892539806288722) (21,28,0.9131105969563479) (54,47,0.9045314560701706) (53,32,0.8814130080882334) (30,21,0.7945853358846091) (13,47,0.7611995575729744) 
(27,53,0.9432105201975212) (56,50,0.8595275859156647) (53,4,0.9464060949846302) (53,24,0.7569175200164537) (8,15,0.8264708288248274) (37,14,0.8354785829583299) (35,54,0.8461264418470781) (38,43,0.8790604473651134) (54,21,0.8635095230188261) (46,16,0.8937049696131276) (56,55,0.825632578766293) (1,41,0.7561340170297417) (22,55,0.8904004086835107) (49,51,0.7997330313161515) (58,51,0.8175146556980335) (40,42,0.8556149736942843) (4,2,0.8339231909293573) (36,37,0.8239100804487791) (34,2,0.8505707862379357) (9,14,0.7878650310152934) 
(56,33,0.8950285083060135) (43,4,0.7971368363511471) (49,2,0.8153114270076188) (5,41,0.8938671181420672) (0,39,0.8242854743378076) (39,23,0.7718091253059285) (47,43,0.8848284783295635) (26,36,0.8258598006971097) (32,55,0.8829393795806643) (47,21,0.886224180191005) (44,26,0.9297632427371638) (9,46,0.8941244043267003) (21,28,0.9029881860199888) (49,43,0.8858267742128173) (40,6,0.7731753724117921) (56,24,0.8579412057215114) (9,13,0.8980200472166251) (39,41,0.7823711985248052) (34,37,0.9153490795411862) (2,11,0.7633618229030592) 
(50,10,0.8135305473013974) (49,50,0.8786290751046972) (40,2,0.8704487861064245) (38,5,0.8751717168578315) (30,33,0.7526685164071155) (15,30,0.777188913637433) (4,41,0.801223306823591) (43,40,0.9014471663864491) (45,38,0.7845336865953696) (4,11,0.8641455123464035) (47,46,0.8668268944134438) (0,40,0.7619222921486909) (9,46,0.8939815700299188) (31,34,0.7735032849610171) (46,31,0.8245653395677464) (46,56,0.864980969461973) (47,52,0.8837432657417482) (28,31,0.833491242875687) (15,13,0.7947574064568481) (1,55,0.8219495269144601) 
(19,29,0.7645257235476874) (49,9,0.7511261382878087) (23,58,0.7790112906129419) (56,22,0.7991975814861939) (45,9,0.9075074404112357) (52,29,0.8409587216898325) (39,9,0.8394638693481166) (13,44,0.8370005972227871) (2,16,0.8000150844466752) (39,8,0.8124015598317846) (37,13,0.7937694500920195) (47,11,0.7694199524445284) (36,15,0.7824019432732251) (6,47,0.8782552157414105) (58,44,0.8237564605354544) (0,47,0.8980351490802582) (8,41,0.8541567273514653) (0,7,0.7588214955024921) (41,40,0.7668687043768638) (28,53,0.9435617918589178) 
(54,29,0.9475124724958721) (39,51,0.7575316845395035) (48,43,0.8750183694189979) (32,14,0.7914083157056138) (33,5,0.8059254217882977) (35,0,0.8621376295094604) (30,11,0.8234334251156561) (44,34,0.8788916899727044) (51,20,0.8101064255906056) (25,48,0.932730442992464) (39,24,0.7814756440146242) (19,43,0.925483353462835) (46,43,0.86860780062415) (3,24,0.768853736214717) (23,42,0.7954316034335005) (10,52,0.9039023796223138) (48,45,0.908000628762691) (52,57,0.8003165872218709) (34,35,0.8630143681385578) (12,17,0.8342152675798707) 
(12,38,0.9402499819319144) (52,56,0.7663153393763135) (0,51,0.921410879514103) (10,32,0.8844438894635127) (6,15,0.9119363802337876) (27,52,0.8501842894330301) (36,58,0.7942024177917328) (53,28,0.7582462863568539) (36,43,0.9138202440965424) (43,8,0.9337321019500405) (14,3,0.8274721808029318) (16,46,0.8622972822642296) (51,59,0.7624226525923463) (55,59,0.8602981917845319) (25,22,0.9176874133516426) (34,59,0.7741150209225586) (58,26,0.9397858450757246) (18,50,0.8078873433128095) (50,26,0.8115431087571242) (18,20,0.7818103041861798) 
(59,35,0.8884279129686204) (33,4,0.8219338810747987) (6,18,0.8379404138901508) (9,23,0.9494969594056889) (13,11,0.8121426787594931) (49,5,0.919777139159436) (27,53,0.7539960302248292) (54,51,0.799412944058383) (35,33,0.8651142806785835) (38,58,0.8756963692973555) (27,32,0.9422790441337718) (13,41,0.8115355945903452) (16,3,0.9248935448914979) (34,20,0.9097113461938267) (58,10,0.8359363154619754) (23,2,0.8851322041532532) (24,14,0.7862351228239318) (15,20,0.8738869970745506) (33,54,0.9285793993342119) (51,6,0.8421365021010525) 
(5,47,0.7760116326045968) (13,33,0.8562493960816343) (4,48,0.8432054964056565) (37,57,0.8090719413430173) (47,16,0.8140861626047613) (39,1,0.7518089054631245) (22,26,0.9383671350685538) (26,35,0.9127080371185476) (49,12,0.9490018333930583) (14,29,0.9447033961475643) (45,51,0.9240379651938763) (1,50,0.9154913261734741) (50,32,0.9307454780357358) (53,57,0.8653069109000416) (47,37,0.8025711524005326) (28,0,0.7998798079856825) (7,58,0.9253019211747306) (19,8,0.8394418833414374) (50,14,0.8044767135158367) (46,2,0.8975756928573446) 
(57,55,0.8333410012625347) (17,24,0.9336498577409711) (14,30,0.7569638590101123) (10,53,0.7895027700301234) (16,30,0.8492755791137251) (28,37,0.8134035509234185) (17,15,0.7956560153520329) (25,34,0.8447651099325935) (15,32,0.8433195980516317) (10,27,0.9031831211167254) (42,8,0.8257325655817734) (34,48,0.7830866083407624) (12,41,0.8835833478758739) (43,5,0.7848206221781772) (43,52,0.7551495020012928) (29,1,0.7507290868510073) (40,30,0.8322277390039851) (22,44,0.7926908558118468) (44,21,0.8916770452566815) (43,1,0.9256360382224484) 
(33,53,0.8462216537576241) (56,46,0.9027194100990054) (33,9,0.795826673044937) (56,7,0.8699422706032905) (27,40,0.8486026666568992) (33,51,0.7845684469434558) (28,48,0.9045993684462696) (17,55,0.8790533760751378) (20,11,0.8951963747016385) (7,42,0.8187112849131546) (50,10,0.7823548811208181) (3,52,0.9305369177265781) (37,59,0.7735473686571207) (49,12,0.9110248092111733) (16,50,0.8108363284358496) (6,28,0.9288190031332788) (58,15,0.7915707793384209) (47,42,0.8543719878541203) (56,18,0.8977054320657905) (44,9,0.9048283593328006) 
(36,42,0.827247527851869) (30,31,0.9323327902831469) (5,49,0.8249244779551601) (17,2,0.7803077918671995) (7,18,0.8842546461111214) (21,9,0.8404749181001853) (59,47,0.8879159176273886) (26,20,0.9041072341218171) (20,18,0.7972201097571696) (55,29,0.9127453387982152) (21,44,0.775385826366393) (9,50,0.9379963206024786) (49,44,0.8415465689490441) (36,23,0.8846333014204392) (54,58,0.8268041780481157) (23,2,0.8448131466815325) (24,8,0.8750290725471919) (20,3,0.9482232561519937) (4,55,0.9451909767752678) (56,31,0.892221053173686) 
(8,0,0.9132235110840153) (12,8,0.9379851099211279) (37,17,0.821620427048249) (38,4,0.8712366962271538) (30,49,0.907805202273927) (20,1,0.8200982592843133) (22,13,0.7798040729030128) (11,28,0.9287795585575728) (1,46,0.7998877442759337) (27,57,0.8801678096964272) (17,33,0.7851533915122405) (15,55,0.8085902365458886) (26,51,0.7507380551967997) (35,27,0.8236428492898107) (21,59,0.7620366603848254) (25,11,0.858397078028367) (2,50,0.8602408024467385) (48,49,0.8187277160950974) (36,55,0.8716447413507132) (59,46,0.7558103513913544) 
(14,56,0.9249907800407826) (27,53,0.8563726825346838) (6,46,0.801068473072714) (39,57,0.7669780590311975) (59,20,0.8607329147616956) (24,20,0.863301275216477) (24,41,0.9160772617968191) (52,54,0.8760019220215981) (34,24,0.9151027003277044) (10,53,0.9222266409026623) (13,20,0.9343659680293632) (57,13,0.9143900205531792) (27,52,0.868230249845188) (42,23,0.7839269004845234) (39,30,0.8985331369836072) (13,23,0.8499609991024879) (18,55,0.8387498811678638) (29,26,0.8878485748537233) (37,2,0.9245709566533126) (9,32,0.8630978860783572) 
(57,39,0.9130443413338754) (24,39,0.8085226842707717) (39,26,0.8089146697705493) (23,36,0.834922487675025) (36,19,0.7761222646905653) (10,47,0.8429642415017371) (27,14,0.86491066434195) (13,58,0.9324459097292391) (37,15,0.8819288332059033) (14,21,0.8208123047525016) (30,17,0.8223911464416871) (57,59,0.8329014523634611) (58,47,0.7938489336509831) (17,48,0.949241962812382) (55,57,0.7635135247628474) (24,45,0.7910920595872839) (59,16,0.8187963701809893) (18,54,0.8889472774330536) (38,35,0.9005371736381551) (53,41,0.7785969915686911) 
(39,21,0.8374849321293611) (59,3,0.8292842079999315) (1,20,0.8527549781198243) (26,15,0.8244501700003052) (30,16,0.8474060875445519) (55,9,0.7638921732977149) (54,29,0.753599003638279) (8,50,0.7871238866168349) (51,13,0.8183745978176034) (33,41,0.8734099633228878) (57,55,0.8221801511807787) (50,41,0.8158240165263072) (18,54,0.825789437197209) (56,7,0.7804782861751854) (35,50,0.767675892465971) (18,1,0.7823424937692764) (39,25,0.8988336261314297) (22,1,0.8814493505916939) (32,6,0.9045330983134283) (52,7,0.9462843167227626) 
(11,26,0.8817778328336171) (48,0,0.8555600680322204) (57,11,0.8655965386861356) (17,56,0.8297550186618254) (46,47,0.779084032137348) (36,53,0.7710903744822222) (12,56,0.7700131310661769) (26,49,0.8290664501058527) (51,5,0.7782395461756627) (13,47,0.9407467224251818) (24,23,0.8371171241875971) (19,59,0.9345655926480766) (40,30,0.7649560468928835) (36,21,0.842628300584447) (19,8,0.9021829841366772) (51,41,0.9489721650789997) (57,9,0.8031157524938483) (26,24,0.769075700309604) (59,32,0.7550287688779507) (40,46,0.8654018365368505) 
(49,21,0.8564315584092649) (53,12,0.8015098806406524) (49,56,0.7795272575099151) (25,6,0.8656252441199173) (47,30,0.839930662180877) (47,21,0.7650526264218458) (39,23,0.761880483245214) (13,59,0.7851828950073336) (0,55,0.8789130632554322) (25,5,0.9050537905130536) (47,8,0.9039237662154098) (51,4,0.893427545331985) (10,53,0.848267068696353) (58,43,0.7578220281600281) (9,52,0.898293902981968) (38,0,0.9105800398491605) (52,57,0.9412429878009161) (25,28,0.9261124206852354) (45,9,0.8676626030757831) (2,42,0.8094778138396352) 
(52,21,0.8235854488738599) (55,38,0.9470952145784781) (21,58,0.8075453120035436) (23,33,0.7795462973476185) (43,8,0.9157615216365009) (42,8,0.8476386442650887) (28,10,0.9289392923054607) (16,55,0.8417517246916341) (51,9,0.7789292492414963) (28,13,0.7788878839696574) (3,19,0.9376249789158269) (53,3,0.924080515871188) (43,1,0.7944977756878766) (36,16,0.8336409455104111) (5,56,0.8778906169044791) (44,42,0.8790479459022915) (36,45,0.9375041053171045) (59,23,0.9201388564732511) (42,29,0.8022021222160405) (32,59,0.9099222575770487) 
(0,29,0.8888458531449577) (48,56,0.779522503412782) (36,56,0.9080992374540672) (13,14,0.9076902579342729) (49,19,0.8335412779448409) (2,27,0.8967719747563923) (20,59,0.8835070069411657) (4,59,0.8247468877622289) (48,38,0.8288904101778712) (55,46,0.8219897174180371) (35,36,0.815630920869456) (29,52,0.901245849791666) (22,42,0.8590237888700782) (46,33,0.8987969026320517) (11,3,0.8491777644783494) (37,7,0.9173423816246908) (4,56,0.8301552130570637) (10,22,0.7586636496815459) (41,22,0.8933786842453723) (14,45,0.8173999211530569) 
(51,41,0.8030455470493809) (31,6,0.9169673151481333) (17,41,0.9328041645794879) (55,6,0.8641439089591048) (41,4,0.8933907174872256) (25,33,0.88019243002553) (41,6,0.8513330724440772) (29,31,0.7658559154095824) (43,42,0.8451322900051558) (14,34,0.9146700562431311) (32,19,0.7906386089449123) (23,9,0.8056792931657732) (9,38,0.9080772483047479) (51,5,0.894239558880682) (3,0,0.8550258416379745) (7,56,0.9292940574087849) (6,0,0.8357915018686909) (2,53,0.9310508541956446) (52,25,0.7839092572927137) (21,41,0.8354291931308444) 
(26,55,0.9362961615626932) (52,11,0.847626463078513) (54,38,0.8449653664279536) (49,21,0.9445336393490185) (7,4,0.8803833504631368) (29,33,0.9300797714114241) (50,44,0.9318768981380805) (40,11,0.9474481392041857) (11,57,0.9403439871145004) (38,48,0.8319297199710953) (57,47,0.9472647870713417) (39,52,0.9088138223053993) (38,1,0.801076306636765) (23,40,0.9391209326585249) (12,3,0.8248910809669389) (55,6,0.8370588562915479) (10,50,0.9424778989409268) (40,27,0.791588220916228) (43,52,0.8934031108160118) (7,18,0.7794628702014962) 
(44,2,0.9130308511539268) (3,57,0.9130358821143914) (19,34,0.8285536118685303) (43,8,0.8591187833436419) (38,40,0.8061588891944542) (39,6,0.7944062522632442) (14,45,0.9177247637600803) (0,58,0.8857134839395115) (1,5,0.7778553715393098) (0,53,0.9191929973781297) (34,14,0.85706938895384) (40,23,0.8715829476135397) (56,11,0.9061292613438923) (47,11,0.7673892954444094) (2,33,0.7721825935716509) (28,31,0.8735615827518975) (44,57,0.7683860049375472) (28,52,0.8539649994280726) (41,18,0.7890890353537301) (27,50,0.8013732054152347) 
(17,42,0.932632265353848) (59,27,0.8059144716270938) (30,10,0.9383573614785153) (30,19,0.7759488238053964) (22,57,0.839813992771395) (18,47,0.9004910753077385) (0,30,0.8398814196744724) (22,45,0.8328895511718646) (58,53,0.936731834611744) (36,46,0.8617799038074963) (16,35,0.8764308189454382) (57,20,0.8015764229709323) (35,38,0.8365352102789679) (50,41,0.7803944479971003) (29,12,0.8727360419264979) (42,6,0.7556270108261736) (19,1,0.8697824568056394) (33,51,0.8775035831417722) (32,47,0.8872168214832916) (8,46,0.9236275961810733) 
(49,0,0.7842910320262443) (48,56,0.7570850241984113) (19,10,0.7827230054026365) (24,59,0.8512249469297454) (10,34,0.7517459899567196) (9,19,0.8802811843002089) (57,55,0.8337178531307722) (0,13,0.900164380178274) (46,17,0.9290326894110242) (58,9,0.808735514163375) (39,35,0.8860828365284589) (32,55,0.8736358725617512) (33,46,0.8711627490398108) (59,37,0.812326271030665) (36,10,0.7869580571907735) (1,37,0.7676623047335438) (15,10,0.8530511555348491) (33,4,0.8081406576710848) (28,39,0.8814036280633222) (51,54,0.9221726811283115) 
(45,26,0.8127448205979306) (41,54,0.8079794179200973) (16,11,0.9258186408214398) (34,22,0.8444462084157451) (30,52,0.7506921571498504) (46,28,0.8074773591353381) (46,35,0.9245211808059146) (19,0,0.8720805905983295) (58,3,0.8544543453441173) (49,34,0.7700558340079278) (4,37,0.8399777075304486) (36,9,0.8833844785738415) (2,33,0.8072945803050715) (49,20,0.9382713615338933) (32,37,0.8131078669076419) (4,2,0.8284121478885742) (3,27,0.7923782604574346) (25,22,0.7938506188263924) (51,17,0.8663929398874819) (9,6,0.9351094118555007) 
(17,29,0.8789725370337711) (47,25,0.8538479718924293) (52,8,0.8143661636417755) (53,52,0.9190988741849364) (52,0,0.916938485691162) (38,28,0.8275360660305986) (42,24,0.9055222626044522) (59,45,0.8561226844305875) (30,7,0.751148222279844) (57,31,0.9251293311037465) (29,57,0.884911548969816) (49,47,0.8976630987935901) (9,20,0.8857698968548551) (38,32,0.8454973023158225) (3,37,0.8941390897295189) (42,23,0.881249702540054) (21,15,0.8032086165431942) (24,56,0.7995719824217552) (31,44,0.8509462101422692) (39,22,0.9137503206943597) 
(32,19,0.875398371055976) (46,52,0.8989588264605879) (1,10,0.7820025926938399) (30,49,0.8594033561654492) (33,43,0.8903188243694914) (5,27,0.811575868361152) (51,56,0.8095845330773368) (32,9,0.7934191815281166) (21,10,0.853201741343542) (12,29,0.8000294268029228) (0,19,0.7972793498147485) (46,35,0.8939223895968728) (40,32,0.7500288251639872) (35,8,0.8918778101229234) (22,54,0.7713515370367641) (18,41,0.9318812553714123) (45,41,0.869865608049867) (3,28,0.7830992376413806) (30,59,0.7971967629468069) (10,56,0.8057535734201842) 
(18,16,0.9109754628253107) (44,49,0.9298064559169943) (21,9,0.8259757667137829) (49,33,0.9469562499414468) (23,48,0.794503688847767) (34,58,0.8449923085645985) (19,16,0.8430415271773949) (35,30,0.9153129472042011) (55,41,0.8106879497416125) (30,32,0.8474475307615768) (46,24,0.8959407316865103) (4,22,0.8320595748506637) (18,7,0.9004485018859569) (9,25,0.9346689647415095) (5,6,0.7845732314728231) (34,57,0.8819617412373) (6,41,0.8178043000093512) (36,29,0.8917606278390117) (39,41,0.750077598929831) (11,35,0.8854392779272455) 
(21,32,0.7568989940972305) (18,3,0.8065863687706951) (42,44,0.8529214738419383) (42,58,0.9334758464045644) (10,12,0.8372884534658939) (0,4,0.9203880309215632) (14,48,0.8736169877596093) (24,47,0.7992982272344076) (49,45,0.8391465694322141) (21,40,0.7586307430877098) (45,18,0.8408709537001242) (52,41,0.8084230468536877) (16,19,0.8182292429597168) (16,58,0.8385155473727081) (0,3,0.9269976937564994) (3,33,0.925617069833899) (13,33,0.8767123058737396) (40,7,0.9361914654756233) (36,40,0.7525539862938283) (30,56,0.895647130151223) 
(57,53,0.8996809762591145) (20,2,0.8745637898253885) (43,3,0.8272596558021086) (45,21,0.8004190229676376) (20,23,0.8816076531499106) (6,39,0.9499958396961454) (18,37,0.9151109965477602) (52,6,0.7720068174613158) (18,17,0.8037367039033263) (49,29,0.8609974423358815) (44,48,0.7999335614636307) (32,25,0.9299025321991339) (39,53,0.8653040853133374) (6,33,0.814779124982976) (3,46,0.768874654922625) (46,29,0.7977326195250374) (58,57,0.7784661144628091) (19,50,0.878423941346344) (39,57,0.8696507141223986) (9,44,0.7508953265060534) 
(32,33,0.8265440498194657) (41,18,0.8827605780915758) (27,18,0.8636035634080949) (32,43,0.9422979723152152) (36,17,0.8196358369398811) (20,15,0.8049460600287512) (31,52,0.8810197664321472) (36,51,0.8406268021520069) (39,47,0.7727728064027833) (56,42,0.9220697276036547) (11,38,0.8671761206333075) (57,39,0.9186058180514403) (36,55,0.8939520466942852) (31,20,0.8301744381715357) (17,57,0.7974822478532348) (40,21,0.8940463766027366) (46,28,0.7808051348581063) (57,1,0.7590376262993992) (48,39,0.8826825402653959) (17,43,0.7866914324466863) 
(55,45,0.913797943908023) (12,14,0.8662899873070675) (37,20,0.9251246753793084) (30,45,0.8090208290698824) (16,37,0.7544916521766589) (49,22,0.7765892078563299) (20,48,0.9096458088794935) (17,16,0.8077671000218222) (18,23,0.784806222502436) (41,52,0.8465310284127501) (31,55,0.9365251363536666) (37,55,0.7596873689686067) (49,41,0.9345928397467604) (8,0,0.7865398870443064) (55,4,0.7763949848468762) (14,24,0.9316731431670343) (32,44,0.9233478848535932) (38,33,0.8765415014525726) (26,37,0.8648678458389863) (50,58,0.9144144049131329) 
(54,37,0.7538787487456001) (57,27,0.7672578744191751) (44,39,0.7926186907440176) (52,49,0.8753377710460739) (45,0,0.8397129261178596) (32,57,0.7968583897972474) (21,9,0.8634539628496798) (54,38,0.7630156501020946) (7,40,0.8449440227630408) (5,0,0.8453389099571486) (53,37,0.949066860033724) (38,10,0.8770397695672777) (20,16,0.8709643335574625) (56,19,0.7766632662352245) (23,13,0.9267296563560355) (22,17,0.7574172965763458) (55,21,0.8097132569964174) (0,10,0.763121087398718) (43,25,0.8234304755859162) (34,36,0.8155821099436743) 
(41,43,0.7597618823922602) (18,36,0.8298094404844671) (29,40,0.9275549577429855) (5,2,0.8276448164150565) (58,15,0.8718580336319754) (11,52,0.840843422547172) (32,51,0.7936169735290526) (42,59,0.7840800982267092) (34,52,0.929730341402175) (59,41,0.7871139142296417) (13,34,0.7518016795652186) (36,24,0.8961513085452539) (31,0,0.755517197053074) (41,17,0.932619121163599) (5,58,0.8071071161454302) (52,41,0.8762344352720927) (53,2,0.8065801179268828) (35,41,0.9485677748000283) (19,6,0.7814960500534618) (42,14,0.8193499609126426) 
(41,36,0.8335456757070187) (46,8,0.7572137218015961) (20,21,0.8473195812290314) (6,42,0.8133565734320451) (19,32,0.9073610339069823) (55,56,0.945984349764212) (2,38,0.7833593644828478) (37,16,0.8533164001315234) (25,41,0.823343649482266) (48,27,0.9270295897145947) (13,2,0.9474263462519764) (4,19,0.9313678069176026) (38,52,0.7514531406173918) (19,5,0.859126581290733) (51,47,0.7573704188347666) (56,53,0.8989132139247817) (50,18,0.8622480929570341) (50,36,0.9260346625044523) (23,9,0.8217790857755298) (56,4,0.8606578892246339) 
(6,57,0.7908108490596583) (27,49,0.7514317207011443) (2,37,0.8047873300779058) (56,25,0.8951671441576977) (23,39,0.8542596736426625) (0,38,0.9102191803983002) (36,59,0.8058309098629474) (7,46,0.8272908551569146) (19,12,0.9086769887841212) (36,10,0.8345968830148225) (29,32,0.8610427347303298) (42,57,0.8806542621003168) (3,57,0.9072891293187542) (50,49,0.895105112175004) (26,18,0.8276618055512537) (56,40,0.8485463071921462) (1,11,0.7643883851372567) (39,32,0.8660693352752957) (23,5,0.8921097658178956) (45,1,0.8502432429890889) 
(44,48,0.8232682718481656) (38,40,0.9210941350956936) (1,29,0.816701600350723) (39,22,0.8543240166713213) (30,10,0.766050017281322) (36,58,0.8414394558842225) (37,44,0.8856634338635974) (22,47,0.7752727308053793) (22,9,0.8147449349063559) (39,50,0.8995086980427095) (44,28,0.8198367268870618) (17,49,0.8372074926760107) (39,57,0.9082484628558309) (0,21,0.8027842437649866) (1,36,0.8153582782799373) (30,58,0.8275957091531583) (25,41,0.835704506443012) (11,45,0.8382780623190694) (56,12,0.8505650536355289) (0,46,0.8673023308493224) 
(32,19,0.8218814587288608) (46,49,0.7850058258901624) (58,33,0.9195010621825421) (8,1,0.8556709977530494) (42,29,0.8252694096650711) (49,59,0.8651705151702828) (49,52,0.9195370682673557) (47,23,0.8572985457043704) (8,47,0.8281429932425319) (42,8,0.8733330699661185) (31,55,0.9379035497274274) (34,20,0.7509608975827499) (46,5,0.7501566246496678) (40,48,0.9436080742092845) (33,15,0.8542804842284918) (45,26,0.9346054899041801) (50,25,0.8206697943735262) (54,47,0.759384573927576) (22,6,0.7581965429077389) (52,28,0.8336999827058981) 
(54,43,0.7695729915877665) (22,39,0.7733354388383127) (14,54,0.8306330598538016) (31,23,0.7910843875849682) (54,57,0.8147093032825409) (22,21,0.8495234182982847) (33,20,0.7573453763437732) (4,52,0.9065250600900687) (15,35,0.7803515261669761) (44,7,0.9034797996440272) (31,24,0.8578301673913172) (21,23,0.9296052489054906) (10,15,0.8413425567734778) (33,17,0.7772536038667051) (29,37,0.8761894332630992) (19,37,0.8466034622418708) (47,11,0.94162661441204) (58,22,0.8066854093079527) (26,15,0.8006615054593468) (27,23,0.8008851247361501) 
(10,53,0.8838905767223044) (36,4,0.8583738409008913) (26,14,0.8642706334962373) (6,2,0.8752993334070608) (11,28,0.8868758315531595) (34,40,0.7686657141639394) (42,16,0.8006814619470833) (16,27,0.7876207474836747) (58,25,0.894930283063042) (30,32,0.8975757801138363) (27,58,0.8767850221055047) (42,22,0.9258206301390064) (45,38,0.7922395689662673) (26,18,0.9106274974624543) (8,53,0.9134820889326761) (32,7,0.9335185547916837) (11,13,0.80499059264386) (1,31,0.7889657240386548) (51,3,0.82972564472156) (28,59,0.8070246947861924) 
(23,27,0.9366690035910588) (57,48,0.829944248213165) (35,34,0.8365725488513408) (25,0,0.9362943147706875) (41,57,0.93793791871209) (19,14,0.7764401605253831) (14,49,0.8576093919867143) (32,25,0.9049925128942431) (38,14,0.8286481784698729) (52,28,0.767814495642064) (24,5,0.9434255283131976) (22,34,0.799690455053726) (55,38,0.8291867726208004) (18,24,0.8521618392052716) (41,6,0.8585005718094982) (31,42,0.9212884445416969) (14,36,0.8862711422191717) (24,30,0.8019073636282794) (36,33,0.8251680722896783) (12,40,0.7876999316090383) 
(59,18,0.8216321930703683) (0,47,0.9311794604532827) (10,22,0.881217684758191) (26,20,0.8889717572762716) (45,9,0.8432690530942192) (38,2,0.7588588800682438) (55,57,0.7712137473825859) (59,33,0.8261776194536146) (43,56,0.8153751228546575) (6,43,0.8387162504512237) (48,47,0.7658696761020758) (38,23,0.8983653826097019) (1,58,0.8476112957090183) (58,54,0.8972007888320388) (24,41,0.8304406685432077) (58,3,0.9165556996896228) (50,22,0.8444885739422451) (21,28,0.8439208364228178) (56,2,0.8296700781286883) (43,32,0.8245583282338678) 
(11,58,0.9096051709242995) (39,49,0.9367280448545752) (20,55,0.8424760047753891) (46,26,0.7722478846791424) (57,39,0.8639284803627185) (13,34,0.939276419350166) (41,59,0.7576990125743741) (39,27,0.8326684733075663) (1,27,0.90743207993187) (22,39,0.8421992438448088) (28,58,0.7524945673666862) (47,29,0.8137437538311529) (45,49,0.7669556244325505) (54,17,0.7855803329440707) (9,24,0.8754875141703071) (19,53,0.8342636091928158) (53,0,0.8919265589362989) (14,33,0.7696849774317891) (23,8,0.7884789015396605) (52,35,0.7862006343114311) 
(7,2,0.8428121852123159) (47,12,0.8486478811887245) (25,49,0.7625955030584946) (53,5,0.917626760050118) (18,10,0.8328222122635712) (21,57,0.8411617578291821) (28,18,0.8891330255842592) (49,58,0.8704677189135778) (6,21,0.8398894618104635) (29,11,0.9217437042748268) (8,39,0.8000355583349016) (29,21,0.8423605285815873) (10,6,0.8985503734783609) (55,21,0.8922757498472622) (26,16,0.7820914053102888) (23,32,0.917154464170991) (10,42,0.7656115073000425) (14,4,0.9307069294808848) (49,46,0.927202708555516) (46,36,0.8622503353028698) 
(47,52,0.850933470914217) (5,14,0.9345357076488032) (28,31,0.8186610024912516) (20,47,0.9102399876287883) (32,34,0.9292441537057128) (7,42,0.7972731894568456) (11,24,0.8931842106451192) (48,59,0.854294963511598) (34,33,0.8168460639126629) (25,29,0.8022072158509146) (31,12,0.9364996254707689) (43,4,0.9161184898571646) (29,13,0.8480916285289102) (7,1,0.8447054344282964) (26,31,0.8993594998623428) (25,41,0.7796219137158832) (26,7,0.8152307527677661) (54,5,0.7583357571096926) (52,56,0.8788402941261645) (16,25,0.8864812175427096) 