(106,2,0.7926313918373651) (109,66,0.8992124030612806) (130,143,0.8705638260412993) (142,152,0.8202895222221334) (25,5,0.823883895009914) (155,110,0.925529129913597) (128,92,0.8252638462428927) (29,56,0.9195915749122867) (115,73,0.7525954770335569) (59,155,0.8227676435150475) (123,155,0.7991387217597444) (156,149,0.8472304786687257) (22,104,0.9435291824078433) (18,124,0.7921328723017047) (49,17,0.8514154274312776) (20,87,0.8991018270572069) (28,113,0.8923421206350518) (55,88,0.8279439421215284) (11,90,0.8392566199674392) (134,153,0.8718011344750654) 
(134,119,0.7984873065997399) (73,110,0.7582879513042545) (3,140,0.8584176735973889) (62,139,0.8254573004244512) (97,62,0.8399347413198417) (118,146,0.9413519177577567) (47,74,0.9433371941179067) (50,112,0.8041724791459568) (69,101,0.7967015370844379) (39,51,0.8484949881125341) (128,26,0.7705957497960868) (144,76,0.8701299702978789) (113,51,0.8697964072407538) (23,16,0.780724433502813) (100,59,0.870669062716884) (10,154,0.8198900431453373) (38,134,0.907143825177963) (121,124,0.827792308886766) (133,70,0.8609385849004301) (109,117,0.8692381285064011) 
(156,100,0.9108799902502587) (93,86,0.9458456266988412) (35,156,0.8225057445654816) (132,13,0.8537297698486976) (108,48,0.8787369084927579) (124,20,0.9456840884693992) (26,5,0.7752665513331477) (121,57,0.817701681658297) (89,80,0.8549457961148416) (86,152,0.8023261388384353) (159,57,0.7751233549790256) (11,115,0.7785662162121145) (115,50,0.8172778810100051) (120,51,0.8886337748106298) (83,125,0.7840926032384048) (55,20,0.7674781934778931) (55,62,0.8403542393814202) (130,91,0.8560661417078955) (4,82,0.8492972369793564) (87,76,0.824482370179227) 
(124,13,0.757153026234863) (119,94,0.8886283974611202) (56,124,0.829444022453318) (32,34,0.8542545869374829) (48,55,0.8714502926294134) (69,114,0.9417160402862166) (46,149,0.8057425258651375) (11,61,0.7601217668239226) (36,0,0.7515123864749158) (140,28,0.9230832240075848) (68,59,0.8785033386312578) (50,61,0.8962284696231008) (50,142,0.7735101861442415) (5,132,0.8605256919273279) (77,32,0.9044436333879793) (56,138,0.8935967908617263) (119,108,0.8004674939863182) (158,36,0.8056936844888196) (16,34,0.7642232831993749) (152,157,0.9296127859813345) 
(111,142,0.812479379954674) (138,68,0.8988554131975988) (157,149,0.7852016964065773) (56,119,0.9274477317593959) (136,78,0.8132758108982939) (76,10,0.8839275739741166) (73,62,0.7756671808295461) (150,66,0.8242338714012253) (113,121,0.9488492896574935) (42,152,0.9462639875517286) (100,83,0.7944754551737274) (75,63,0.8407639415045961) (114,131,0.8125872195573287) (149,109,0.899064316351768) (129,118,0.8556346889625087) (125,75,0.8787348661330541) (148,40,0.801229754682979) (23,27,0.9079940379778192) (102,58,0.8667505626990476) (82,49,0.9041558877732805) 
(86,66,0.7659531418818941) (49,90,0.7722832054818347) (24,72,0.8762215654447842) (117,53,0.8759302575173564) (80,129,0.8158925898600825) (157,81,0.878588937798893) (45,53,0.7853137547332822) (71,83,0.8168180416393169) (107,63,0.8190693892496118) (132,143,0.8698992122429494) (110,62,0.9201633577851286) (83,51,0.9100916274920942) (40,36,0.8738048870203056) (153,43,0.7780018690558942) (57,80,0.9476364029278839) (153,1,0.8143892573182383) (57,87,0.7628074084336139) (59,89,0.8920222400343081) (16,73,0.8684645436095922) (63,104,0.8567734904069207) 
(0,23,0.9200053899310593) (57,55,0.7516956847640851) (44,114,0.8004449084841743) (133,159,0.7781149221825997) (140,14,0.8056843926225754) (29,14,0.8493062274995411) (85,60,0.9360061156642432) (122,113,0.928819312837775) (142,134,0.8069510515828593) (149,154,0.8202141031247105) (152,91,0.7908544931132375) (68,40,0.8286042730515233) (141,21,0.8756789306905153) (34,64,0.8659851326397219) (69,92,0.8737434376734894) (131,3,0.7879675077558747) (118,47,0.9327644055819904) (19,22,0.8497745487573621) (112,0,0.8734713718901852) (45,3,0.8439488456741331) 
(79,131,0.9476626057979716) (54,124,0.9375942541008706) (23,84,0.7768880568381415) (132,129,0.7807687512728243) (122,143,0.9103560486626638) (120,133,0.8692527389995832) (66,123,0.7623904713520727) (106,22,0.9058586814530751) (127,83,0.9211068803676968) (68,102,0.7981747928594005) (115,140,0.7892345171054445) (117,32,0.7825546538182878) (87,136,0.8668914565660338) (41,156,0.8720627947848584) (159,54,0.7931164607899748) (158,105,0.7678761203592577) (22,16,0.7688633954679961) (64,111,0.8364984104971085) (66,129,0.8294070570769592) (77,158,0.8143337251230856) 
(27,126,0.8436018628122391) (79,47,0.8659235499228318) (11,95,0.7583433125622172) (78,70,0.7782571358188164) (87,41,0.9107072530271969) (155,133,0.7860611539602221) (128,36,0.8613333603577669) (64,20,0.8447982950907226) (115,93,0.8147084299339374) (134,12,0.8807860962396273) (16,141,0.7533288326643419) (24,49,0.8138996375816512) (63,20,0.8854424365337932) (76,153,0.8739768683887749) (123,40,0.8987668170927596) (47,119,0.7785712096028542) (148,13,0.9331094000661764) (132,56,0.8381685628333008) (5,3,0.9263038523986763) (38,45,0.8452200825520862) 
(156,60,0.861868777436191) (70,40,0.920557693649727) (107,38,0.825446098333088) (25,77,0.8623957417483068) (103,99,0.7537076976419395) (83,121,0.9165369471106655) (145,153,0.7998313522847068) (90,64,0.9279785088496957) (75,24,0.8577777640092286) (101,125,0.9202725069514407) (25,89,0.8619037834164776) (133,5,0.9424679886187134) (61,130,0.8030489088237631) (138,14,0.8476483135557802) (43,96,0.8511510540340604) (2,101,0.7676621777460857) (75,122,0.9462973444402085) (12,11,0.7708689849647725) (75,17,0.768337496005688) (159,100,0.8000709394262507) 
(94,144,0.9459479633239027) (5,13,0.8758886093921356) (7,107,0.849135571800418) (115,46,0.8487903504610368) (96,142,0.9010640876954339) (95,137,0.9075334432737692) (98,75,0.8096742218422265) (32,127,0.779926446334233) (98,82,0.8225066800202618) (137,17,0.7521899707974219) (13,72,0.7592468911400098) (115,12,0.8507285206560317) (159,92,0.8618084137905321) (103,17,0.7535567560103156) (141,143,0.7526048241098917) (123,110,0.7607850222945963) (28,95,0.9137696041347817) (20,138,0.8688813369115082) (17,99,0.9155492885619517) (72,153,0.9385889124665957) 
(93,20,0.8229650600684706) (5,134,0.9105819659176759) (62,86,0.8845990998703476) (24,75,0.8940315404041815) (13,89,0.8881608731852019) (29,152,0.7845583675310768) (92,94,0.8026934633356587) (61,4,0.7549821531166311) (34,123,0.7752029405011887) (28,12,0.9017530951141575) (95,90,0.9411696087486457) (75,62,0.9349752420299889) (124,139,0.7695787043424299) (60,158,0.7845009224103136) (50,56,0.8847252613568632) (152,82,0.8498468330913747) (88,50,0.8600211032399455) (149,8,0.7745602002661437) (150,10,0.7541257238591957) (9,59,0.8144616984784716) 
(106,138,0.8406335412271803) (91,126,0.8971233286791723) (84,129,0.8170131087101056) (118,45,0.7720616194112705) (21,129,0.7830807604001714) (4,42,0.807225801065856) (145,89,0.8037232270522194) (78,125,0.8521479194478032) (65,46,0.9166114685964363) (67,35,0.8601607409145419) (103,98,0.8816596031665562) (138,143,0.8085945939651145) (94,98,0.7524751485016856) (130,47,0.796077371352638) (28,144,0.8585487956447829) (87,78,0.8811410298367073) (36,75,0.8384706290609683) (157,20,0.8208238548832357) (98,157,0.8631472836610077) (124,138,0.917212769087366) 
(59,41,0.7685539061811736) (158,2,0.872621177450511) (146,14,0.860563365673117) (149,138,0.8706507838121211) (116,57,0.8462854140015648) (55,159,0.9235046257243759) (94,101,0.9421028469420665) (36,92,0.7969946233768914) (9,144,0.817982421000346) (151,82,0.9318795586385488) (97,141,0.8713397132006226) (138,35,0.909105357037677) (65,69,0.763597864406528) (69,102,0.8616425864779192) (43,105,0.8248036191717403) (71,12,0.853442347863002) (99,13,0.9418584300527857) (150,46,0.8495844647861337) (103,30,0.9242757951213282) (118,94,0.8933011947767489) 
(80,123,0.7719234278444081) (108,23,0.7758643492924566) (79,130,0.8955424071197666) (154,107,0.8899748334153517) (24,54,0.8154430841436089) (38,1,0.7702638635405177) (61,100,0.8608584615655203) (75,142,0.7755696241803842) (4,69,0.774721652461668) (68,3,0.9004845266020837) (97,149,0.8005477278929124) (104,27,0.9184922378031662) (57,24,0.836697003403852) (138,124,0.8785858956246383) (101,141,0.9177456043898846) (88,65,0.8960985085209744) (15,63,0.8023795573848715) (122,72,0.7881063341664751) (62,122,0.8098960762421782) (126,131,0.8512821153375747) 
(77,137,0.7677351451156565) (107,112,0.7574097161303147) (113,123,0.7662240375385008) (8,142,0.8141614799043773) (40,26,0.8004486772571077) (153,130,0.7622308783258593) (36,38,0.8694661559109985) (109,49,0.8369301214796184) (99,125,0.7658304975267528) (114,58,0.7872256257322757) (23,104,0.8225676375904822) (157,41,0.7566404953341925) (36,8,0.8077687678789678) (43,36,0.9494944587976026) (121,90,0.8086486425963376) (50,114,0.7616932727574635) (41,4,0.930755567204709) (118,8,0.7722029696451023) (72,1,0.7835126751452264) (116,44,0.7605353488823304) 
(95,28,0.9086680568938225) (97,110,0.8281355070767651) (152,106,0.9420258369544137) (45,23,0.9396764075697459) (79,90,0.7549045298877268) (145,97,0.7963921368831378) (146,37,0.8129208217608932) (34,47,0.7502509206771808) (127,143,0.8698578900305) (103,109,0.8698630805290415) (110,108,0.9426133776256383) (80,64,0.7768979963625905) (121,90,0.7505793344759484) (57,55,0.8631816039371285) (21,1,0.925121965871468) (109,41,0.7682866719799617) (95,136,0.79087367408626) (99,139,0.7839643121957348) (114,10,0.7593593195116783) (142,51,0.9293034482778164) 
(155,102,0.7669312117628369) (92,14,0.927357480616434) (59,137,0.7770625880657875) (47,51,0.8190507295777754) (82,38,0.921114153562413) (47,80,0.8998433053934891) (106,40,0.7838892789528844) (33,31,0.8947053855507916) (45,68,0.8303820961648886) (64,130,0.8766095124870206) (115,129,0.9212892826157386) (46,21,0.7620387005890095) (105,111,0.909090111428052) (103,23,0.7563920561182925) (80,88,0.8353863491145377) (101,100,0.9056898836247869) (28,14,0.8635249013474824) (3,13,0.784146960412702) (48,124,0.8221370121010927) (88,89,0.9219164263826076) 
(51,67,0.8740370532732656) (25,127,0.9451266306192435) (150,113,0.752660775471046) (130,22,0.942884446366956) (114,117,0.9416231511981694) (71,115,0.8692400580793577) (67,21,0.8924906962361543) (155,80,0.7856444092307181) (68,101,0.765618130696666) (149,28,0.8191762218665853) (1,111,0.90453687080714) (65,134,0.9445852707479381) (124,72,0.8682126474273127) (34,60,0.8332919054447286) (121,158,0.9059318412917461) (5,23,0.791395933869127) (52,125,0.9000632826228924) (42,132,0.8618695210932031) (24,12,0.8472243760262643) (159,104,0.7946150812474132) 
(151,139,0.7522236754839796) (94,154,0.8332083931862838) (70,116,0.8651971763065003) (60,43,0.8410585886982289) (44,122,0.7957417766767754) (138,139,0.847840228612072) (58,59,0.7905330084340216) (5,78,0.8240877438095218) (55,68,0.7559347122300077) (54,74,0.8853552233789099) (157,69,0.9440821482871604) (145,107,0.8689154775348258) (93,113,0.8080891405268995) (130,47,0.9440472062889306) (111,41,0.7894526371341912) (1,159,0.7845265842445742) (47,100,0.8022350977151095) (94,78,0.7588797535640932) (5,115,0.9360165030716991) (11,114,0.8461875838607409) 
(149,143,0.8970116337666911) (85,81,0.8198775514322075) (53,85,0.8918922521970598) (13,27,0.906881693992069) (119,40,0.8396903399497132) (93,39,0.857868434944357) (2,104,0.9141183857673499) (78,150,0.9445106358139316) (104,45,0.7617403931811995) (29,146,0.9246767187641004) (32,113,0.8363145893354235) (17,46,0.8763439404961949) (3,81,0.8040661818716619) (21,48,0.8964731481852674) (131,61,0.8153329294282461) (44,74,0.7717606815461033) (4,74,0.9109872408915299) (153,26,0.8430987283684497) (15,104,0.878359494314814) (110,121,0.8868631454184479) 
(123,44,0.786779700360922) (89,113,0.7569629802812827) (82,28,0.8031056296097381) (37,139,0.8441490475731045) (51,87,0.7940729106725798) (141,66,0.8673303026093157) (19,119,0.7556384193632781) (96,50,0.7933479195828282) (16,50,0.7912761086455814) (113,155,0.7887279523086147) (44,61,0.915355957513674) (29,144,0.9299936653776704) (71,50,0.8926762029587878) (87,13,0.9071501388316535) (126,39,0.7720430625667266) (148,43,0.7863619578601307) (13,7,0.8753545540438599) (97,52,0.8116305795500964) (57,131,0.9055398493858485) (54,145,0.8677654402503142) 
(61,23,0.8198723084835484) (138,63,0.7814008078197218) (62,1,0.817531231217211) (77,94,0.8993848051305463) (126,119,0.8700227527763017) (26,144,0.7876609940889752) (16,32,0.9271173806279538) (139,121,0.8480089544409315) (96,62,0.9115059057805354) (77,65,0.7720482830228674) (124,88,0.9108778351280526) (18,115,0.7509030558320146) (157,143,0.8130859000110033) (34,132,0.8563531451791855) (153,95,0.9360945534450859) (112,142,0.8306160520876877) (139,0,0.9067118399842297) (19,28,0.7688870631419849) (15,59,0.9124836491567947) (141,34,0.8812751474353188) 
(51,112,0.8132897390205838) (113,70,0.8066306253455071) (1,70,0.9441592815794076) (41,80,0.9277639434786629) (91,10,0.856071564465958) (20,78,0.8811356479528565) (77,56,0.7756401654392175) (118,12,0.838454052845517) (115,96,0.7907058572239488) (4,113,0.8690979872748207) (2,98,0.8393315968951507) (159,82,0.8313760063889604) (14,155,0.8813788819599617) (149,129,0.7883498761700745) (13,124,0.8440934676499137) (40,104,0.926692834400645) (147,135,0.8671166604660523) (1,28,0.760583433042879) (123,23,0.7844673278502071) (0,102,0.7840299472774154) 
(115,33,0.8064779437343135) (146,90,0.8721274665458327) (113,19,0.7610368443098929) (114,108,0.9271737880378969) (45,85,0.8698457657183856) (61,27,0.8231444587691528) (75,51,0.7700966312744254) (10,88,0.758555067897934) (78,16,0.8085100447171374) (78,39,0.7596585748921723) (59,85,0.8756246633436603) (26,159,0.8072166593456354) (99,158,0.9104390583519323) (158,1,0.9497763264705176) (5,141,0.8683404629464034) (44,52,0.8930994223289662) (140,138,0.9425901951628346) (61,74,0.8245268067928615) (85,146,0.8947832417990063) (28,53,0.9302892495250207) 
(154,22,0.8507767296051587) (91,21,0.8674142523635163) (16,30,0.8553079914790513) (158,114,0.8219067641349675) (10,70,0.837450877820833) (87,115,0.919475325833875) (46,83,0.8773486134046141) (77,79,0.8016496397807058) (117,108,0.7508973308568571) (107,149,0.8637296532126251) (104,3,0.7838254832563155) (68,153,0.8630793947322356) (145,30,0.8399572662416015) (45,65,0.7851105917965282) (21,130,0.9396707710590977) (129,128,0.9016701167149783) (106,87,0.7910154186187597) (121,70,0.8250184966564353) (84,69,0.7664184324357851) (5,102,0.8069396711412959) 
(74,65,0.8007038555154206) (127,11,0.8781646170760715) (106,120,0.7997645325716786) (98,81,0.8018288164279761) (118,16,0.8248427097340586) (70,16,0.8602990423981649) (56,65,0.7799576553934059) (89,52,0.9215952646336135) (77,106,0.8893157881214606) (111,104,0.8350884332460304) (105,50,0.7790962185653099) (82,88,0.8638870773531209) (97,84,0.8676309504280411) (50,41,0.7829814863843011) (82,95,0.7562473207883346) (61,155,0.7765509200975228) (21,93,0.8855972848183771) (92,40,0.8699673509225112) (84,153,0.9161512274448731) (18,157,0.7526685633235997) 
(66,92,0.8496601404452089) (157,9,0.7838234042561658) (62,137,0.7988116300833255) (111,60,0.8817267991689537) (123,24,0.904743309688166) (112,138,0.9058759704019321) (9,15,0.8400803734957123) (127,69,0.9264024570785532) (31,151,0.9291393978851508) (112,91,0.8895494379640965) (17,94,0.812463750782077) (159,121,0.8461373280989267) (23,105,0.7512703561151349) (19,36,0.8973955399988304) (158,139,0.89530007082392) (13,93,0.9059500778509202) (52,95,0.8725593895193728) (108,59,0.8887884705937269) (36,37,0.8996492479366462) (31,63,0.8774984942189491) 
(128,9,0.9291202412924702) (157,4,0.8616966475633542) (121,117,0.8328663273357824) (26,120,0.9029959189213765) (146,106,0.8724491145177881) (81,117,0.7797793839025672) (132,55,0.7919039432502925) (30,114,0.7897610887101216) (84,159,0.8985490501557027) (4,14,0.7930579153431092) (134,46,0.8840212982185183) (136,9,0.8707427012817732) (5,150,0.7913107768428359) (17,35,0.8293632894904064) (51,63,0.8175361482896734) (12,147,0.9214554710247076) (44,61,0.8017127247602769) (102,143,0.920226063128346) (88,118,0.8836693283713669) (157,3,0.9202753331270727) 
(144,24,0.8250182772046795) (86,108,0.945347092951377) (64,15,0.7587083529121478) (84,53,0.9294787214367453) (119,94,0.7890277943835458) (45,58,0.9026911065526118) (126,104,0.8534002660541208) (16,14,0.7633867917019723) (62,159,0.8914476474507618) (138,31,0.782195573965615) (87,26,0.8971593395315882) (8,62,0.9078482336113404) (0,27,0.7709508302707233) (152,117,0.9446080928353036) (41,28,0.7740032140557551) (111,34,0.8406257039048599) (115,43,0.9195334141034354) (18,134,0.8171727261812151) (131,119,0.7835893512971951) (119,36,0.8041403870128061) 
(33,57,0.7768576088498225) (18,93,0.9320537014369089) (137,120,0.9268487795283391) (109,22,0.8662714207391989) (121,30,0.9069322110283109) (109,57,0.9368307376490201) (110,32,0.8929605315734728) (83,99,0.8817030503527645) (9,139,0.8212247529664277) (148,44,0.9383166367354593) (129,136,0.81163132716805) (100,121,0.8223100471858297) (20,126,0.7943546607666986) (111,159,0.7587409777938499) (75,40,0.8950695884207157) (130,100,0.8915240376339725) (35,42,0.92507014834388) (6,85,0.7680655085785979) (140,25,0.9335558918636967) (101,64,0.9058403720445951) 
(47,53,0.842743013808232) (121,99,0.8616733148385831) (29,94,0.8340780523420804) (30,140,0.7635216429781657) (45,64,0.7527944186985954) (10,82,0.9131612565086201) (44,49,0.8028961687477105) (36,130,0.7759150246950028) (13,21,0.8812492939451317) (65,138,0.8956848929019783) (48,78,0.8189917546820665) (27,14,0.9050183934606488) (4,66,0.7876197143353336) (113,83,0.8461994762038407) (129,102,0.9395497180855611) (74,126,0.7755840768349193) (156,146,0.7624165488548481) (21,72,0.9394563624649099) (144,35,0.9178795555448725) (37,132,0.8577719886986128) 
(141,106,0.9226206922242661) (45,30,0.8653641865875974) (79,149,0.805468780196201) (106,89,0.8033255354933686) (45,130,0.8088656015718472) (61,3,0.9376087804739502) (77,30,0.9423091858585967) (98,21,0.7938068367181323) (22,159,0.8967453782179113) (47,33,0.9173012857795717) (34,75,0.9398546132495328) (2,36,0.8136863790606411) (64,20,0.7958071115774116) (132,50,0.7790017255084851) (122,70,0.8805320760327164) (114,0,0.9191967251773399) (39,10,0.7628166292211469) (52,132,0.8501467989835367) (0,86,0.7700616134754283) (40,151,0.7773335266613309) 
(148,28,0.7768000518734777) (10,158,0.8059613101347414) (102,71,0.9229949019277804) (98,1,0.8480944190272082) (16,24,0.8626207675488399) (102,117,0.9431993927630749) (69,78,0.8246140765066725) (75,86,0.9116218890263742) (0,26,0.917452756147193) (9,53,0.8092281342921854) (119,99,0.8639504614536103) (81,142,0.9215234581483822) (94,131,0.8392404798590877) (36,125,0.9299983781128383) (42,149,0.8347454880384673) (111,136,0.8420164197493909) (45,108,0.8250055521107985) (39,147,0.9357520215892252) (10,15,0.848233467330249) (47,9,0.8973306844865252) 
(61,66,0.9111029826847609) (117,145,0.8537767871235716) (68,13,0.7581270132645928) (43,144,0.8492734178757887) (112,97,0.9481068077940762) (80,66,0.8877833398835813) (149,156,0.937542912994813) (1,74,0.9344174352143286) (146,2,0.9222026860879506) (100,95,0.9492342353193491) (88,101,0.7918155733369995) (103,38,0.8485896721358789) (156,8,0.8391335800043983) (93,65,0.8415786182101226) (25,115,0.8957978284279176) (79,78,0.9263670789192897) (45,18,0.8693330454372605) (35,108,0.8512140058453915) (158,7,0.8190389726111671) (37,125,0.93676598203092) 
(98,16,0.8300944327898561) (28,47,0.8019228605162896) (64,15,0.7913410004194082) (142,59,0.8177950314762008) (94,55,0.8978581900527691) (7,151,0.893296780031486) (106,93,0.8310087888454512) (146,99,0.8065139513315993) (41,121,0.9435644915594883) (98,48,0.9173964367667722) (147,149,0.9253555599666875) (118,77,0.8024016945241843) (107,99,0.8044881987371435) (73,10,0.9092883846175016) (54,70,0.7642236882001692) (20,127,0.8649811788441248) (147,158,0.9084550311923383) (155,146,0.8960929865244899) (4,77,0.9023476239629638) (122,68,0.890873312259647) 
(112,56,0.9181102240998824) (55,38,0.7590972791557726) (53,100,0.9313175143518037) (149,68,0.7527342093320489) (11,65,0.8311593894566548) (62,2,0.8504782180941116) (122,15,0.7730260971222134) (154,127,0.8600835173054597) (76,128,0.8227271140809131) (132,54,0.8944119580062866) (54,99,0.8938930818352565) (99,92,0.9451243141468864) (141,156,0.8253297937350967) (108,70,0.816141229260207) (129,152,0.929118933749024) (98,51,0.8954951329154008) (8,120,0.9371139682377434) (27,39,0.8805396559794527) (98,16,0.7784515017394774) (107,96,0.7754095564651529) 
(20,158,0.8062608025998488) (108,117,0.8739775079634522) (113,78,0.9028553264350595) (5,53,0.8883689511952884) (7,51,0.7629488950462309) (50,90,0.9211752315945638) (108,143,0.7663087330059707) (63,120,0.90247897597716) (99,58,0.8788199028813202) (156,131,0.9443400389706348) (41,107,0.837495757591066) (78,149,0.8113457567135035) (66,148,0.8642301637522455) (143,54,0.8245964584511201) (23,69,0.848208679194986) (11,87,0.934463483894445) (159,61,0.8098829925062021) (29,96,0.820750675002372) (118,67,0.7976120640920655) (119,2,0.7810785105502178) 
(151,87,0.7679478483058254) (124,126,0.7816283884848596) (59,113,0.7680151500777522) (0,43,0.9302685071317514) (61,93,0.8107049324905465) (16,112,0.8688316991175197) (132,145,0.7618463636758703) (83,146,0.7621502541996272) (78,91,0.8123538448270118) (123,23,0.8502099793606747) (73,149,0.8540216583006766) (85,75,0.7775519229096856) (0,159,0.8139793435374534) (103,63,0.8279098043855286) (49,51,0.9372029112541076) (116,24,0.7968203540420534) (105,27,0.8013374967762729) (91,12,0.8103696030530009) (26,20,0.9423987213378744) (24,22,0.8012436109371195) 
(72,136,0.836970348382167) (2,138,0.8065082409587563) (43,132,0.9451052077582911) (149,24,0.890830739239366) (11,57,0.849669800488418) (83,120,0.7794584031990576) (138,9,0.8013487080688255) (30,8,0.8725419029785151) (43,157,0.7702103427850865) (155,159,0.8809640393477606) (116,96,0.8341618227977302) (44,111,0.8814928752436424) (151,49,0.806017852430621) (104,53,0.9476106621029757) (141,155,0.7668193202086765) (133,148,0.7935710342399529) (30,106,0.7609816556990671) (125,94,0.8324044110612485) (32,92,0.769676077242011) (123,36,0.9178580501569467) 
(3,119,0.9022639707563226) (41,115,0.7504921925627167) (6,149,0.7935480565324969) (97,123,0.9471858546412921) (133,11,0.8128183056757841) (134,119,0.8749476365916474) (146,96,0.7684797564404837) (115,26,0.9118917794871545) (17,97,0.7746427336437499) (95,11,0.8668749772457147) (155,29,0.7705501964729655) (154,54,0.9462869247041907) (7,61,0.9416709420930156) (102,107,0.874418123468831) (31,111,0.8483564297985523) (65,51,0.8683645038156217) (152,14,0.7759251715196118) (25,139,0.9087263235796246) (45,1,0.7776745380513952) (26,103,0.8073064372680278) 
(30,154,0.9069001553241949) (47,89,0.8058894292122646) (122,129,0.9014336900534631) (37,113,0.8397591385900148) (51,8,0.8608240165902931) (11,94,0.8977901015449175) (115,62,0.92644775913278) (115,75,0.7598657545160292) (137,17,0.882722959379479) (105,128,0.7754851138716133) (127,3,0.8613871299268975) (32,58,0.8268258673916498) (43,104,0.9491158766970935) (138,61,0.8964217135443767) (61,89,0.8693897227933802) (137,44,0.7557437552571283) (70,33,0.8204780776660746) (153,53,0.86291555907759) (105,44,0.8128178859015383) (82,70,0.9347089921581111) 
(41,76,0.8197305504257135) (125,79,0.7875736766252878) (20,140,0.8730378894191576) (143,128,0.7511495415272241) (20,31,0.8631642739467641) (80,120,0.8479873330911796) (96,39,0.8982808719812716) (115,90,0.8282120068046015) (85,66,0.8933518863368084) (126,24,0.9416541737847774) (33,117,0.7830087106275742) (54,111,0.8338673955477789) (151,3,0.8711522755763813) (18,102,0.8268136061579128) (144,7,0.7631319727017891) (112,104,0.7992636004921116) (49,33,0.8542985192669729) (30,58,0.8647950528161388) (102,117,0.9225521864643056) (62,140,0.7617811940352412) 
(91,24,0.8859932330760311) (6,21,0.8639482602483387) (6,85,0.8581514428426213) (10,94,0.8001481126167115) (91,150,0.9398611725034522) (155,96,0.890473650941099) (146,83,0.7885362897979036) (91,89,0.8288820287199914) (23,12,0.8567706763794569) (55,144,0.9452587159295116) (73,153,0.9022340176212295) (50,83,0.8775891876329212) (99,138,0.922622480213111) (33,26,0.9084523076168998) (17,157,0.8077867649488882) (98,94,0.753398789871486) (151,146,0.8911879655474002) (29,108,0.7609915140900598) (133,13,0.8015620961793173) (1,103,0.9036988846365636) 
(84,32,0.808058874067145) (121,86,0.7673381635176283) (134,99,0.7554496375500223) (101,92,0.7811031901882167) (75,132,0.7999205253362589) (10,138,0.7628394044783979) (76,151,0.8675132411973321) (140,137,0.9387594311044571) (105,37,0.8126667852956355) (71,41,0.7730347702708106) (35,41,0.7696166686427363) (39,49,0.8905105177907774) (98,145,0.7898225636983286) (146,13,0.9054342552642373) (142,65,0.9122121928554681) (123,1,0.798812435516711) (115,138,0.7871752528008845) (128,38,0.8998345908655914) (120,12,0.7829080239644707) (6,4,0.8574229484122385) 
(109,121,0.8388509945262076) (50,7,0.7918248730798568) (36,51,0.85357827924192) (122,136,0.884891716203662) (114,14,0.798134341561747) (95,77,0.8278554736958693) (147,12,0.7759844967289534) (66,33,0.8712655616567426) (20,143,0.8092038385069305) (147,38,0.7993892253257313) (153,14,0.8382006756853078) (19,4,0.8050359670537227) (17,56,0.8904816031820598) (103,66,0.9206428447375958) (144,148,0.8902432015481093) (40,154,0.7816648711797407) (28,99,0.7994506582444936) (21,78,0.8983606522975804) (36,133,0.851103943674062) (85,107,0.8012896937255377) 
(115,72,0.9211692464002204) (34,65,0.9374792240046881) (28,138,0.9146812484022524) (5,95,0.7691602480308815) (20,16,0.7586331893161246) (13,5,0.8188466531964407) (143,131,0.8320023312675063) (123,25,0.8459408880445637) (31,29,0.8637422216202617) (95,17,0.8237146462197695) (63,57,0.8677668862432308) (135,20,0.8796102442231851) (0,37,0.9471371733172411) (21,90,0.8955423743271086) (25,34,0.8151345978635816) (156,137,0.7829056356071558) (10,59,0.9156249778331037) (107,157,0.8585833768709352) (42,67,0.8879336122783077) (120,24,0.9349053919500578) 
(13,12,0.791643910538902) (110,122,0.7880444717617867) (112,41,0.8333008795795941) (106,63,0.9161873715402343) (124,108,0.847951172303519) (38,45,0.9239215769548713) (121,33,0.90906718940199) (4,131,0.8562815816135475) (113,157,0.9408842611292805) (31,23,0.9094310577701878) (45,23,0.7961072480181329) (122,89,0.7640962450107199) (46,15,0.8690875356451501) (9,36,0.7542874082711885) (36,38,0.7909692344780799) (38,122,0.7968391812692686) (8,38,0.7678802580949076) (105,29,0.8667122987216923) (152,40,0.8930260141767409) (31,119,0.750420815139321) 
(75,105,0.8771058166573124) (10,44,0.9241738042957734) (140,89,0.8133819268080297) (43,47,0.8411535094257353) (45,120,0.8870471890791494) (49,108,0.8817757236269262) (122,135,0.9383434581778534) (129,1,0.860968076964766) (27,110,0.8362826577505974) (141,30,0.9319629470749977) (5,78,0.8866797883618742) (23,52,0.8438773817385327) (6,136,0.9296844703072522) (76,39,0.771123024687284) (132,96,0.7619683212027308) (17,23,0.7791967825244792) (32,126,0.7974696940683779) (35,43,0.8760389148567184) (135,61,0.8336564640214577) (18,127,0.8300521545510597) 
(66,123,0.7692358627353378) (93,33,0.8313268810230827) (52,84,0.8180261411652406) (138,18,0.9481602029617843) (148,98,0.7600255833115322) (57,131,0.9026929146676489) (105,154,0.8412693551117068) (90,9,0.8180455264746143) (141,134,0.9470469342923121) (126,124,0.9461963868953362) (101,81,0.7794476528876488) (137,61,0.8843702565857952) (148,48,0.803721275890787) (33,68,0.8370637479759329) (6,143,0.7637448641907272) (117,131,0.9077649394725247) (82,135,0.9103039352243076) (129,40,0.7822748163955417) (112,53,0.7770033244184642) (108,37,0.8365619809596927) 
(79,42,0.8415879800796511) (72,69,0.8133228317189114) (87,44,0.8669774717032775) (23,55,0.7816971863730581) (71,89,0.9444090907882761) (86,123,0.7881432247938118) (18,117,0.9319552557099564) (13,131,0.914638973797805) (23,20,0.8831975193925622) (54,152,0.764670085464683) (144,103,0.9000972401645804) (55,11,0.8206371072991749) (4,141,0.84017842018644) (137,124,0.8656934898142251) (0,152,0.8146682881481925) (148,111,0.9036339318691764) (130,96,0.8333945237792925) (115,6,0.8341752517164956) (67,26,0.8279626550805484) (129,1,0.8555044166999375) 
(53,113,0.7610121824556159) (68,36,0.8712826859945018) (95,61,0.7943187034524155) (82,157,0.8756691301189143) (153,76,0.8366626322610607) (11,68,0.8214482079409671) (63,151,0.9218303592184844) (45,111,0.927941692145453) (51,127,0.7758749860783362) (63,69,0.8492901637146567) (52,47,0.8297475198916885) (47,19,0.8257363993052584) (117,35,0.7547505935776249) (131,65,0.9479176358614325) (7,112,0.8249227434393767) (33,105,0.7715211413376921) (103,126,0.8526793295666192) (15,26,0.9281326146436064) (92,84,0.9089650972685968) (144,46,0.8994542515399029) 
(68,125,0.8071542964547385) (107,133,0.8372318445934248) (158,77,0.7934321211426677) (120,86,0.9199541471083037) (123,114,0.8744642299842537) (105,93,0.7707395942756001) (19,94,0.7810242889436809) (63,98,0.9007796294437811) (14,69,0.8789088112764258) (159,45,0.7860129621744479) (158,39,0.8634232655722341) (17,49,0.7813089075270739) (18,117,0.8608916351672038) (154,41,0.8833612467054216) (1,20,0.8401849545596081) (57,64,0.8631286492831592) (50,67,0.7992393849833748) (80,50,0.9452505899360335) (12,140,0.8669189475764925) (40,145,0.804773991180794) 
(68,12,0.9402325132160843) (159,69,0.8123240559619131) (34,135,0.9299232404955158) (65,43,0.8630046971395671) (146,107,0.7755911417477908) (105,129,0.8655791480258307) (125,58,0.9226054075134875) (51,63,0.7520724719413481) (20,27,0.8626311067636008) (72,101,0.9357369136501549) (69,18,0.8979935760434954) (16,13,0.8863342023682451) (58,95,0.8379512936458514) (155,32,0.936365106218583) (54,82,0.7695708745652545) (158,26,0.8970827859654311) (121,26,0.9159899375359406) (79,139,0.8341535519050853) (144,146,0.8759889399805668) (44,37,0.7787965351056279) 
(81,9,0.9054662240704824) (8,140,0.9476425439645294) (143,85,0.7728996019554594) (5,21,0.9476619815793966) (106,100,0.8411451383083689) (78,89,0.9067519039942407) (126,36,0.9000468399391257) (137,48,0.9163922391188528) (147,143,0.773116716846805) (85,38,0.8585110501130663) (12,133,0.9499141488682434) (34,83,0.8577207208922145) (58,68,0.8475228094468819) (108,83,0.7666155149788734) (21,97,0.805787949020059) (41,72,0.8125016433200679) (117,134,0.9396963591771391) (98,7,0.8242279260859828) (9,90,0.9318356733597867) (155,105,0.7941241272424715) 
(55,101,0.8534710078754043) (140,96,0.9084118074491819) (85,86,0.8400914590734876) (95,78,0.8106079234676727) (40,71,0.8589818113355887) (124,153,0.8388209033649899) (7,134,0.8378537304475399) (72,158,0.7704041995387975) (32,74,0.9132808035432198) (9,138,0.8454337292996149) (51,111,0.7581915635425758) (141,14,0.7755710769585015) (115,159,0.7729900009073687) (122,113,0.8614431234424916) (68,42,0.824285832734253) (94,68,0.7751072611042218) (111,56,0.8122194248963147) (59,18,0.924730627305137) (148,14,0.8219884634382144) (34,152,0.7991836470676557) 
(111,114,0.9067132822973574) (150,157,0.9149423366482726) (46,138,0.7834141864252337) (100,41,0.7608023385907137) (36,47,0.764817543883268) (151,29,0.8885792745399036) (47,42,0.9267422380847012) (118,102,0.8901489937998853) (81,127,0.7686589239630396) (128,129,0.788024239821502) (122,48,0.8927972779772971) (159,72,0.8500459758204129) (73,90,0.8199932665964741) (4,143,0.8280364567615109) (10,16,0.8342991460696699) (148,26,0.7868691681750293) (72,13,0.8994069568113277) (24,110,0.7955221252991005) (112,39,0.7618796972986669) (23,110,0.9336859729069956) 
(111,58,0.9062233427720141) (148,134,0.8794086399870232) (53,144,0.8245239661225696) (77,56,0.9037140971048309) (34,111,0.8135306686281444) (78,135,0.7848306034767089) (65,63,0.857642804220227) (68,130,0.8751875911003189) (99,141,0.9151781830728739) (17,47,0.7919926918494922) (70,120,0.8952762299036462) (18,61,0.7954827847695147) (155,28,0.8171886073284451) (62,157,0.8895653651019029) (153,107,0.7984134330375297) (21,114,0.8091943936909108) (154,76,0.8503553515515818) (58,131,0.9200524956659119) (129,102,0.7937068392960743) (91,159,0.9048974625924807) 
(110,94,0.9143196063811059) (24,1,0.7596187020835182) (60,50,0.9135858661672807) (49,8,0.924791823516211) (103,111,0.8936462247671815) (73,13,0.8235583823979472) (35,76,0.9282115772132076) (24,52,0.8182405840522514) (120,69,0.9141675862378879) (102,13,0.8422460521539812) (108,107,0.8056902998893906) (33,52,0.8902780416879081) (123,157,0.7863848105034553) (124,15,0.8755038498567309) (123,133,0.8862442231532446) (4,83,0.9113809759044434) (155,66,0.8568364339455049) (122,113,0.8429630993906869) (139,61,0.8834649787741964) (40,92,0.755719017584889) 
(126,159,0.8871336235115821) (115,61,0.9274348347035856) (156,37,0.852548896521696) (156,21,0.8900689633854587) (79,118,0.8159356807884766) (12,20,0.8320327166503919) (105,106,0.7679836727378135) (81,17,0.8902948615557653) (64,57,0.8787096276485628) (107,2,0.8886613754142616) (18,117,0.8683530258923243) (92,29,0.8460827327442899) (111,42,0.8883369202931124) (125,78,0.8996485840697853) (19,6,0.8924704880097731) (44,64,0.8368413299766327) (50,27,0.8277962848086456) (89,76,0.9434371727030992) (113,36,0.8705839825321575) (69,143,0.8159816329650382) 
(96,90,0.7761968583870961) (145,94,0.9421535524662421) (119,22,0.94493481891871) (50,67,0.9229330258171214) (153,112,0.8407289607256863) (153,125,0.8425407601379061) (65,135,0.8754094839173001) (78,143,0.9494507779593453) (138,123,0.9395955456513098) (77,51,0.840322572559871) (101,158,0.7647030052450159) (142,144,0.8608669651699051) (103,87,0.909825215305258) (60,74,0.903847805829822) (143,1,0.7996699487837001) (124,68,0.8291580295158202) (11,1,0.8714423009852673) (126,64,0.8060647890170324) (47,60,0.857369255820415) (145,119,0.8527816659614602) 
(16,98,0.8660994548830679) (107,106,0.7607245664147053) (13,27,0.7711640707201999) (6,136,0.7515532131347787) (145,98,0.9142175173052384) (83,152,0.9339622618882958) (127,11,0.8307166177878671) (135,92,0.8415186494931173) (13,118,0.8846925101077951) (26,64,0.8413456922855008) (101,10,0.8222259980081019) (46,51,0.8857210492150615) (132,102,0.7558187606643499) (103,147,0.8058608208945858) (21,84,0.8426427516856999) (102,151,0.8836963110792151) (98,74,0.7946135585448979) (129,132,0.793803375671628) (109,22,0.7888436924362459) (17,130,0.9012042924427441) 
(159,150,0.7615052656356099) (7,89,0.8653403415821574) (116,112,0.9396756405839667) (11,125,0.7552075928595168) (53,121,0.8110003232788132) (9,101,0.9168626147352739) (24,137,0.9170852036524295) (52,107,0.9051926182174088) (109,139,0.778168399896232) (96,148,0.7930123709878596) (135,94,0.9272310656018903) (49,2,0.8808347489872493) (67,0,0.9462837295498203) (83,18,0.9092177477046326) (112,64,0.8621563447366708) (121,42,0.9422686093233279) (12,10,0.8838368202169222) (83,132,0.9099385189639607) (109,20,0.7982930945970438) (113,44,0.937858112734041) 
(155,6,0.8066095796618437) (125,11,0.9205291497091415) (147,33,0.906992964201904) (36,33,0.7899032725799606) (19,128,0.7788593240030378) (116,42,0.877032902829361) (30,143,0.837663465313021) (12,138,0.8013153995877313) (38,144,0.9278501941440673) (154,140,0.7702547979629234) (139,98,0.8750682839652058) (114,121,0.8455821683996225) (46,157,0.8470569894008647) (111,70,0.7655939434800096) (87,2,0.8929006984642608) (22,13,0.839653171424722) (35,102,0.9476520844572287) (81,34,0.7693474889161216) (121,47,0.8947987151099002) (96,44,0.8727092298486114) 
(73,112,0.8580514182760458) (130,43,0.9350636781138385) (85,60,0.9176842249262198) (108,6,0.9101838784961516) (64,132,0.8992779471157946) (87,67,0.8206454210940677) (117,33,0.8579478254323315) (123,28,0.815254632608305) (48,4,0.7572023887470011) (112,68,0.8587522663947935) (84,95,0.7812574214119278) (159,146,0.7865452593693979) (26,104,0.9045232767678056) (114,108,0.89902647866866) (25,109,0.7830809317916545) (33,153,0.8902015259409054) (134,135,0.8566448126574527) (54,149,0.813133161824961) (29,144,0.8591554439761752) (124,125,0.7997784072394695) 
(17,127,0.792076140978781) (40,14,0.8110087622389894) (144,150,0.8850489473295204) (25,13,0.7676427102091764) (41,79,0.8174969355525205) (123,23,0.9187483065356509) (122,111,0.9223256302098634) (70,130,0.803309831752831) (43,63,0.8469487675767385) (128,109,0.9330742139072044) (51,26,0.7876475960130573) (80,144,0.8525022749028314) (39,46,0.7782080998114814) (13,2,0.8097556950002271) (7,49,0.8629678625908102) (77,94,0.8760200606384112) (53,10,0.9300988170522178) (149,110,0.8226911044815542) (118,7,0.7742202032413984) (144,60,0.8591215066937964) 
(60,71,0.8363893575817498) (36,70,0.927782309697561) (150,13,0.7971071961700451) (63,41,0.8219906004780952) (85,110,0.8015926210502322) (112,22,0.8081505049074246) (135,126,0.9477714146644769) (30,57,0.91984262078388) (121,59,0.824616676429652) (0,149,0.7913439130479962) (67,130,0.8475077105745149) (148,68,0.786599878625775) (6,24,0.8963960151579426) (149,116,0.9477811121215638) (53,159,0.8854749798887234) (33,153,0.8563060875176474) (116,155,0.8130942314790215) (48,106,0.8403243536643221) (74,41,0.8829402462842324) (125,73,0.9200539423048739) 
(5,146,0.8023810871638242) (3,36,0.7596869562511226) (120,86,0.7786893904520704) (128,112,0.7661144977862798) (127,146,0.8965820615950612) (88,85,0.87187862215367) (66,103,0.915820326829952) (43,100,0.8972603634270915) (51,28,0.9060948943505318) (127,58,0.8220088957669819) (61,116,0.8595491831573658) (88,15,0.8628339236078609) (156,110,0.8437197819014411) (4,33,0.8566882026215423) (145,125,0.8756031920626368) (94,124,0.9117771844866294) (97,58,0.9194922347758588) (84,60,0.8135290257650881) (29,80,0.9204616740772517) (80,11,0.7649992475115993) 
(96,99,0.8260149302214169) (47,101,0.8817107561359105) (43,53,0.7713284143879171) (143,20,0.9344080141687947) (127,145,0.7745254097105464) (151,103,0.8245954376080405) (18,25,0.8530755391323854) (93,59,0.7793106537579588) (112,110,0.8367020001476599) (107,77,0.8540102516594308) (157,11,0.826237376572739) (12,47,0.9032157772585784) (26,129,0.9064336342794496) (40,105,0.8022301658643156) (22,124,0.8317074145654836) (89,94,0.8565473266539154) (136,80,0.9414514664392674) (70,43,0.9011228812213263) (131,32,0.9198798271238006) (146,13,0.7748112123113358) 
(62,132,0.9482574282339663) (94,34,0.8791041505470221) (149,156,0.7737470712273459) (153,128,0.9263921038005225) (94,62,0.8593565160902704) (71,157,0.915662912776765) (17,19,0.7731225880552618) (145,56,0.7537594981872228) (101,152,0.9368214503160115) (47,109,0.7813893965024796) (68,109,0.9460002924231953) (14,88,0.7864224629489559) (101,28,0.8632255992123125) (9,118,0.8780285045280147) (14,61,0.8358256544214732) (157,59,0.7835573264649558) (19,89,0.8456276296415551) (56,152,0.788973814271291) (26,155,0.8618779383720812) (66,124,0.9052367010586464) 
(64,32,0.9006980032209072) (8,64,0.9350619140933222) (65,74,0.9469202938757452) (142,19,0.8713289583715031) (120,125,0.7989856345484849) (96,102,0.75715686465029) (111,9,0.8912727568501251) (35,22,0.8807348103833508) (93,47,0.9384787185836955) (48,143,0.7580975132724153) (22,93,0.8274910163652396) (121,144,0.7654932411037169) (9,25,0.9494939817123083) (35,47,0.7927804135256427) (144,17,0.9337421637260812) (111,135,0.8639614772415191) (67,70,0.8886998539463955) (3,101,0.8831174633818781) (31,45,0.760651406382865) (155,38,0.7737143150930144) 
(77,26,0.8670330150643072) (118,129,0.9226616538016335) (130,52,0.795334970010077) (62,27,0.7676157776894609) (42,25,0.7559470869248974) (152,61,0.8254459542960931) (28,111,0.8337189544670701) (133,145,0.8158718631602705) (138,48,0.8057386573031216) (37,34,0.8670671937506985) (146,106,0.8171464427912392) (151,63,0.7911470515633731) (121,19,0.8578342098184094) (16,70,0.911107540302202) (3,63,0.7680919289899653) (9,100,0.828123753710366) (108,128,0.7985546417987015) (157,74,0.8669073642111522) (110,134,0.7526552770722954) (67,46,0.8526806448466011) 
(63,46,0.8104700429196896) (154,98,0.7534348776605257) (129,31,0.8392357660406923) (43,44,0.8130839891803948) (87,106,0.7968337036393673) (3,84,0.8963121742104558) (40,122,0.8739019664925431) (97,144,0.8675572559191944) (142,158,0.7655498439316996) (78,122,0.7676995364232355) (44,79,0.8090756296824027) (123,56,0.7585484282153904) (60,45,0.8876989050200016) (103,33,0.8628352040605722) (107,156,0.9073532731637747) (106,116,0.796429783991848) (58,11,0.8937599229664509) (67,97,0.8416420337582127) (59,39,0.8466316262745183) (80,79,0.7554126586360491) 
(152,56,0.8551131572182383) (4,71,0.9222199949458085) (43,10,0.8803758671787062) (20,147,0.7705190365096083) (53,0,0.8161879984333857) (23,56,0.9146404835848386) (140,18,0.796512873521568) (142,86,0.9297034708449403) (93,82,0.9047789173917717) (2,153,0.8473810469397837) (24,10,0.8601822116209985) (23,40,0.8554440801521062) (90,135,0.7813066378488303) (69,112,0.8244937019320651) (29,123,0.7669561238194796) (52,115,0.7981514403419145) (143,106,0.9464772121123023) (126,65,0.8255085508882264) (1,133,0.7629868500114656) (80,120,0.8293268833441283) 
(104,106,0.7993947491758202) (55,145,0.8103229404947757) (135,0,0.9240935410235401) (120,55,0.9022938183365299) (107,12,0.8983189534152962) (115,1,0.8041432167734713) (12,71,0.8212650747725498) (155,47,0.9243799537331329) (105,104,0.8288992821515468) (36,118,0.8521469214691106) (158,130,0.9093762995688648) (85,86,0.8888473030566661) (106,90,0.900528288734646) (20,110,0.8558335813080475) (23,4,0.8671717426244818) (63,75,0.9308447487582469) (40,53,0.8260162538484491) (154,110,0.9193270971161485) (119,97,0.908183474199249) (36,119,0.8742775526266336) 
(129,46,0.9266880128511469) (49,120,0.8452699957488001) (116,103,0.8081574564518089) (18,27,0.7862048629579614) (6,154,0.8013763184182894) (93,31,0.9055161419289266) (125,42,0.7710540800513763) (20,102,0.7973563507450767) (105,109,0.891399227801758) (142,67,0.8302199074802425) (3,22,0.9037067788181926) (98,75,0.8326000962035663) (103,143,0.8986738834243644) (40,56,0.8202198558763849) (81,49,0.816647278749332) (10,148,0.7500805894555421) (139,147,0.7897593625628915) (89,101,0.9093342189220416) (119,102,0.939692421704574) (98,26,0.9208250314530687) 
(112,73,0.87650399241487) (120,119,0.82671634537211) (140,11,0.9014999195235562) (130,51,0.9058360642167913) (66,63,0.8489008843545877) (26,132,0.889622744074997) (95,116,0.8358444224265292) (119,133,0.9035768868666275) (118,108,0.7945102195002204) (70,157,0.8908150380539214) (73,25,0.9430392836066781) (85,125,0.850851178566193) (128,61,0.8352393311997319) (28,26,0.8362783560020306) (81,45,0.8053111154951975) (158,139,0.8586810965724536) (127,31,0.8556503961519788) (52,91,0.8703735682567039) (55,108,0.7883253174300017) (136,143,0.8941085909307289) 
(21,107,0.8851753617498332) (123,81,0.8957639341095851) (85,19,0.933147884410959) (157,31,0.9494272449561896) (69,151,0.9360638198151592) (13,80,0.8635310997991124) (60,116,0.9478098565018973) (19,1,0.8637313041392329) (156,87,0.841672046228271) (103,29,0.779313801467804) (34,96,0.7982055121691183) (145,114,0.8575281020289146) (66,153,0.872526275849193) (24,73,0.8910940764201746) (116,26,0.920221173580353) (26,113,0.7966696258610927) (144,148,0.9354365734848765) (117,31,0.9476296572376968) (126,125,0.7872275921368992) (52,64,0.7798291547606545) 
(52,63,0.7924443978678587) (75,114,0.7999964665195742) (148,83,0.7700370012355104) (5,112,0.9307402007894394) (103,143,0.8811360979614465) (104,93,0.8524114900323626) (119,87,0.9096888465422812) (132,101,0.8002038056784421) (126,26,0.8790827809360504) (116,144,0.9033025825660783) (76,80,0.9317411881232677) (143,2,0.8734894928981332) (63,51,0.8031968172282878) (117,54,0.8477199072305067) (61,27,0.8747468718537803) (118,151,0.8360907981412159) (81,67,0.8331051809864388) (25,45,0.8824029018446192) (93,100,0.8384467672368502) (110,153,0.7856687817721408) 
(50,32,0.9375430225461687) (139,93,0.8991113497457607) (103,81,0.8677693000532014) (14,50,0.8683149060192835) (85,40,0.7799663285542663) (110,19,0.9255800235325311) (134,7,0.892548764501078) (61,119,0.7817496494555277) (62,94,0.8485284347053955) (125,51,0.8766657118132906) (1,57,0.7563364101424767) (7,43,0.842401072508941) (146,51,0.8792074954007174) (145,56,0.8041094267725891) (137,29,0.8897773121555101) (66,122,0.7877320020589006) (72,98,0.8436604452238647) (29,80,0.94053912134956) (5,132,0.7914416522422146) (119,93,0.818387053958959) 
(8,139,0.7942097722866527) (111,76,0.9142261612441042) (68,59,0.8584987012908173) (80,106,0.919136442337642) (84,91,0.8827983558443049) (26,107,0.9459239012687919) (134,67,0.7655760894348199) (148,6,0.7506761967120554) (2,4,0.9272166635826856) (90,151,0.9266209299166211) (27,130,0.9411858173558931) (2,31,0.7932727056546199) (7,74,0.9397481319718103) (86,25,0.775951585086925) (138,136,0.7821270188092281) (34,85,0.9399481116816151) (155,142,0.9038075641356285) (20,32,0.8901732444641117) (141,13,0.752864863042041) (129,18,0.8432966587744889) 
(53,141,0.7952028320078055) (97,89,0.8194938063086892) (89,101,0.7908622364760436) (115,90,0.8353854741279911) (144,47,0.7633603398917695) (69,121,0.8483281263803043) (121,115,0.8772338794101324) (68,71,0.8803834195865615) (45,44,0.7932992229295612) (104,134,0.946416778925836) (38,82,0.7775209746356839) (18,62,0.916846104784385) (141,119,0.8556093544905038) (92,44,0.8285875883055395) (68,89,0.84822088415183) (119,118,0.8974429049754654) (92,129,0.8015957252301356) (26,21,0.8998414563329206) (30,56,0.7523320300842709) (120,106,0.8654621731742502) 
(102,91,0.7919104362962575) (6,4,0.7993858899538251) (49,23,0.8367453286752661) (134,70,0.7749530108951979) (121,13,0.7949065365704612) (135,57,0.9455954870378136) (148,85,0.79460885704112) (136,87,0.942248275152566) (22,65,0.7583021111398673) (110,136,0.9279557098488164) (152,57,0.836773008488987) (138,38,0.9385116241581131) (115,95,0.8331207686491455) (131,35,0.9020778411777219) (153,122,0.8164175608201087) (87,62,0.9006921601333785) (157,88,0.9253191864752758) (148,72,0.8681849323809472) (99,65,0.8395955565302776) (150,108,0.8540422065023574) 
(111,150,0.9190009703917463) (156,24,0.763648915248361) (58,124,0.8396898984583765) (123,109,0.9487348837925001) (126,3,0.7692207091728612) (22,104,0.8351715582190296) (80,25,0.8580202756046611) (75,48,0.9278560229909304) (150,26,0.8315923209226643) (104,5,0.8551073582337125) (110,157,0.9025211554829655) (95,102,0.8354555290533325) (8,15,0.85005305366311) (46,31,0.9403029310493752) (134,87,0.8066962975500053) (138,103,0.9089759820039938) (71,11,0.7820950209890185) (102,14,0.8319101898737931) (62,40,0.9389330945430265) (15,28,0.7694443456096645) 
(15,76,0.7649222179934455) (11,72,0.932365836173525) (72,141,0.7890675064373354) (104,119,0.9480009476030711) (24,6,0.9381120366979387) (149,111,0.9100746448161833) (3,18,0.9307478986333863) (148,85,0.7851965486630105) (140,94,0.9190834008060293) (11,18,0.8413545079565783) (54,11,0.7541660602040474) (46,17,0.8144706579240282) (47,84,0.7905338416379766) (101,89,0.8391511851692157) (117,157,0.9155692136784082) (101,140,0.8199581621601637) (105,41,0.7519316944001837) (89,91,0.8917897952396422) (98,43,0.8956514105758272) (2,47,0.8614854989674107) 
(143,30,0.8006079141081887) (46,52,0.8845368748160053) (22,34,0.9154895248590371) (25,56,0.7713832788407496) (104,129,0.8596560254399209) (113,62,0.8254009015777631) (79,3,0.8742739385179683) (149,21,0.9227428784457091) (86,22,0.9432871672106431) (77,134,0.8719797689206226) (65,8,0.8856108388428025) (34,127,0.9204045302367747) (2,143,0.7690462859199954) (23,20,0.8893765941912695) (0,64,0.7990282141960727) (81,41,0.8053474682560013) (152,43,0.9128400906292523) (5,154,0.8283265217740702) (116,97,0.7990866451946821) (102,155,0.8983688215433795) 
(48,142,0.8814725753591808) (70,155,0.7956952016133801) (87,117,0.9394258995590776) (92,13,0.9144568855114618) (48,92,0.8659947818336389) (142,150,0.7604985458131145) (134,10,0.8191895176310888) (130,129,0.8470134909163732) (105,155,0.7582736768407558) (107,98,0.7726805139261531) (67,132,0.9427085197039707) (15,9,0.9375228236986977) (4,104,0.8058482261552877) (80,83,0.9092206714769266) (102,140,0.8652087183108927) (99,113,0.8167676646058045) (26,112,0.7735881923541006) (99,94,0.8415116631469005) (73,18,0.7802260362672238) (112,109,0.7695990000047234) 
(91,1,0.7652585262366712) (137,75,0.8685116485943574) (118,54,0.7832452120630752) (68,149,0.8910503490112496) (31,118,0.8867094657103134) (58,14,0.8582892458883234) (110,114,0.7998670495331685) (31,60,0.7776234889794376) (129,56,0.8425582984312827) (49,47,0.7714620081650396) (144,104,0.7550966967058665) (17,89,0.7970786940588324) (121,61,0.8408482575965015) (14,94,0.7965394800608866) (7,51,0.8461897591813926) (119,110,0.8207473777716779) (138,6,0.8138741046988418) (20,92,0.8016302816746919) (124,83,0.7937783095147639) (106,77,0.8606193727401963) 
(87,20,0.9087269146763197) (17,135,0.8066352054832129) (135,78,0.9242174724791593) (97,1,0.8571915067930607) (0,22,0.8524635020665585) (6,150,0.9008962403076897) (87,26,0.9203719173356479) (17,156,0.8376690646134693) (112,137,0.9240626235415016) (115,84,0.8019295334906388) (27,74,0.8007860137753988) (49,143,0.9400693322390968) (9,148,0.7638709486853986) (69,137,0.9377910846967821) (31,153,0.9205870542889165) (103,63,0.835348341549325) (108,130,0.9035041669415009) (98,121,0.7631571572963751) (113,80,0.7912706613424635) (14,56,0.9095850435057666) 
(55,116,0.8722128371619928) (27,144,0.7596606567541584) (119,116,0.8854914454878084) (76,148,0.9412430023783673) (99,60,0.8775855327456037) (98,7,0.8803615530594221) (41,112,0.8832923731640467) (7,68,0.8723063751781794) (47,119,0.8953286395370494) (126,130,0.7615804042138633) (65,147,0.8041881068806307) (119,72,0.8547288277654383) (155,48,0.8677649764107722) (135,43,0.8909634861528202) (154,158,0.875954872585967) (90,149,0.8442370575008874) (1,41,0.9471783953063639) (129,111,0.8385572134613228) (99,20,0.8209455524713759) (104,154,0.895977076274779) 
(117,80,0.764295216141332) (46,29,0.8601392916491672) (118,153,0.8031431982986346) (143,20,0.7502368322807917) (53,73,0.8158302248533877) (19,33,0.8092326600264685) (134,49,0.8803772940554675) (122,127,0.8841038565472645) (40,121,0.8516943929392802) (79,87,0.9063398131919573) (85,72,0.814147658544806) (89,154,0.8290261442100838) (27,115,0.7508832546555345) (54,34,0.9042434135138034) (6,87,0.8942361073035265) (31,60,0.9425250426150363) (35,98,0.8926968782674491) (55,20,0.8751278958370499) (48,21,0.9316456397697765) (145,56,0.9018098928643531) 
(128,113,0.8348149783946813) (42,67,0.9254153268426262) (53,106,0.779227501162572) (2,132,0.9367690862137823) (85,38,0.8130112937621919) (2,78,0.8595264246061437) (118,26,0.8138893027198386) (114,99,0.769881236734025) (134,63,0.8076978311967531) (31,153,0.8682684419206662) (149,92,0.917203723966127) (49,67,0.877505182767073) (24,71,0.814387660230709) (135,90,0.89620706401314) (50,130,0.7957504604275777) (21,117,0.8149775645515314) (71,158,0.9443678645565061) (140,8,0.9272768125060528) (5,69,0.9056256494682245) (64,135,0.7843438904766044) 
(81,157,0.818992500870222) (144,98,0.767484807918774) (81,127,0.8329005264336959) (105,108,0.9145720128167558) (10,136,0.7561486589852892) (125,59,0.843436292001547) (82,80,0.7620147085659497) (38,114,0.7772875298131127) (120,115,0.7957926739840607) (32,43,0.7885584128496466) (20,83,0.7649067102279551) (38,136,0.9104499578297527) (113,68,0.9130051629581005) (48,148,0.8904501184609884) (78,27,0.8918717680533451) (144,32,0.9105593580471353) (140,82,0.8720684702028928) (18,126,0.7671398099872153) (129,34,0.8893219814881023) (27,136,0.8757642268863067) 
(48,73,0.8936977150861036) (19,136,0.9207584320079708) (3,151,0.7973335481764654) (150,6,0.856971478403349) (50,141,0.8515200782848342) (42,97,0.9154610234922017) (52,140,0.8538840715800512) (54,125,0.7620626751386915) (150,93,0.8865287934114335) (19,82,0.8184258140795297) (89,99,0.8536454959582779) (52,22,0.8408392358284993) (88,130,0.9361625015050807) (89,19,0.7704832994383671) (133,148,0.908881757441905) (4,141,0.93557350410383) (73,22,0.7603407598605293) (121,34,0.9425761143868161) (1,80,0.840067163977639) (102,44,0.9460741866834806) 
(15,138,0.8351912551091711) (87,13,0.7900770518810094) (48,159,0.8783784398843684) (63,36,0.7920802568642844) (35,131,0.7843840544909892) (58,51,0.8462433411408976) (15,136,0.8067624917523137) (111,139,0.9444942243963541) (126,3,0.8576982005949161) (149,59,0.7851084270243402) (24,97,0.7853899250945692) (56,34,0.8067653394295284) (18,63,0.7685289537931942) (50,40,0.8203600818364527) (50,17,0.7511518079504728) (78,129,0.9267129431380935) (28,46,0.8793732719822436) (61,32,0.808217797914411) (60,109,0.9407957968229168) (81,77,0.9236097230646263) 
(90,106,0.7840911143557177) (74,40,0.7891180303349713) (92,101,0.9294803978317597) (98,124,0.7691288545714204) (89,4,0.8810359921818488) (153,148,0.8031163726211126) (32,118,0.9296668326803044) (72,102,0.922552731734107) (35,101,0.8375059266558017) (4,139,0.867602342597925) (5,104,0.8201659606239771) (8,84,0.7744592923468042) (105,155,0.8428713724715905) (47,156,0.8464165966935403) (24,64,0.8554466958331771) (98,126,0.9265031421062966) (95,144,0.9212343171054593) (127,70,0.7741488017784447) (117,13,0.8427610608173619) (67,51,0.902322826748102) 
(28,128,0.8562801340550654) (35,36,0.9156587154249155) (98,120,0.7926118546976679) (68,137,0.7946464278212955) (21,110,0.8347385703377062) (1,33,0.9214644009991233) (96,101,0.8019997705711086) (98,59,0.8662062112417477) (14,123,0.8305880832228187) (155,133,0.9161179777127333) (4,155,0.7831492210366026) (91,73,0.83905263256499) (96,87,0.8302608402918582) (53,52,0.9258972895366274) (151,129,0.8492536751109566) (156,42,0.8575466637776618) (72,75,0.8707296200078152) (68,149,0.8912361536214102) (6,28,0.9323637175744843) (90,47,0.880027780937573) 
(43,7,0.9070243937532305) (83,154,0.7616050916296291) (16,15,0.8795814489916592) (120,12,0.9210327425061171) (141,158,0.8552621858843413) (49,73,0.8954674388194712) (131,138,0.9396746540013594) (49,36,0.84484391798865) (130,117,0.8118782653199542) (113,94,0.8630754659385146) (143,113,0.9208709704203928) (67,43,0.8008658990580207) (95,84,0.9284933152259305) (121,100,0.8894336264552848) (23,74,0.8678463097017173) (102,105,0.8452547259981392) (97,41,0.9302794633576276) (130,87,0.8226296063905698) (87,104,0.7716443958756334) (28,91,0.9383153437214073) 
(129,49,0.7800364052659242) (17,59,0.7506483178014441) (73,50,0.7853410206190418) (78,53,0.8950341318896136) (90,77,0.9037445351221058) (67,20,0.9287548852741062) (132,28,0.8680206221696654) (102,152,0.8298385515853425) (37,137,0.8400079568202801) (126,99,0.9312475764241238) (54,129,0.9062605354903194) (68,86,0.7703915191461184) (76,75,0.8719122411808271) (93,70,0.8995324316057519) (95,147,0.7559967905180911) (126,27,0.9047565894479371) (118,105,0.8817559465787155) (105,113,0.9221768616565049) (88,11,0.8682087278040161) (87,141,0.8455501817024889) 
(100,78,0.9184227350772199) (93,120,0.8433529360890943) (4,124,0.9357538143945793) (112,138,0.8913667221966016) (54,20,0.8487651915162691) (30,128,0.86505738592361) (61,143,0.9180428765544248) (157,1,0.8067056299487185) (99,76,0.9156805747845318) (25,156,0.7866856295888094) (115,153,0.9454926627243779) (75,148,0.9042650596226239) (41,107,0.9431894676555841) (25,152,0.9027060645537882) (51,80,0.7885076870173898) (31,140,0.8981090754736839) (24,16,0.7769193072194613) (25,51,0.7898446507843069) (62,131,0.7732632775063126) (68,91,0.8474295452793663) 